our,energy,for,a,sustainable,life,geschäftsbericht,2019,stecken,voller,energie,nachhaltige,welt,tauschgeschäft,eon,inter,national,führenden,produzenten,strom,erneuerbaren,energien,geworden,investitionen,˜ießen,ab,sofort,ausbau,erneuerbaren,œ,netto,15,2,milliarden,euro,jahr,errichten,windparks,land,hoher,see,forschen,technologien,denen,energie,sonne,wind,speichern,lässt,windstille,dunkelheit,verfügbar,speicher,infrastruktur,voll,versorgung,grünem,strom,aufgebaut,sorgen,˜exiblen,kraftwerken,verlässliche,energieversorgung,spätestens,2040,gesamte,strom,erzeugung,klimaneutral,wer,hätte,120,jahren,gedacht,seit,mehr,120,jahren,produkt,strom,strom,heute,weit,mehr,unserer,gründung,jahr,1898,wichtigste,innovation,moder,nisierungsenergie,unserer,zeit,strömt,alltag,handy,laden,bahn,arbeit,œ,undenkbar,strom,strom,bewegt,roboter,produktion,unterstützt,milliarden,digitaler,prozesse,treibt,ganze,flotten,e,fahrzeugen,stromerzeugung,verändert,gewinnen,strom,zunehmend,energiequellen,umgeben,œ,wind,sonne,wasser,immer,weniger,co,2intensiver,kohle,tragen,gebot,rechnung,heute,wichtiger,je,nachhaltigkeit,zehn,jahre,früher,eu,anstrebt,schaffen,erneuerbaren,energien,zügig,ausbauen,gleichzeitig,kohle,verstromung,aussteigen,ernst,lässt,daran,ablesen,schon,erreicht,seit,2012,co,2ausstoß,bereits,hälfte,gesenkt,ziel,klimaneutral,2040,strom,wind,sonne,wasser,biomasse,energie,nachhaltiges,leben,energie,zuverlässig,verfügbar,darf,luxusgut,dafür,setzen,entwicklung,leistungsfähiger,wirtschaftlicher,energiespeicher,vorantreiben,stehen,sauberen,sicheren,bezahlbaren,strom,klimaschutz,darf,grenzen,haltmachen,windparks,photovoltaikanlagen,bauen,außerhalb,europa,nordamerika,asiatischpazifischen,raum,windkraft,land,usa,schon,heute,größter,markt,global,player,erneuerbaren,energien,neue,rwe,setzt,energiequellen,wind,sonne,wasser,biomasse,künftig,immer,stärker,nutzen,dafür,planen,investitionen,15,2˜milliarden,euro,pro,jahr,netto,heißt,mitteln,projektpartnern,investitionen,höher,ausfallen,15,2,milliarden,euro,nettoinvestitionen,pro,jahr,erneuerbare,energien,blick,1,angepasster,wert,wesentlichen,wegen,änderungen,erfassung,umsätzen,derivatgeschäften,2,dividendenvorschlag,geschäftsjahr,2019,vorbehaltlich,beschlussfassung,hauptversammlung,28,april,2020,3,umgerechnet,vollzeitstellen,eckdaten,rwekonzerns,20192018œ,stromerzeugung,mrd,kwh,15321760œ˜228außenumsatz,erdgasstromsteuer,mio˜•,13125134061œ˜281bereinigtes,ebitda,mio˜•,24891538951bereinigtes,ebit,mio˜•,1267619648ergebnis,fortgeführter,aktivitäten,steuern,mio˜•,œ˜75249œ˜801nettoergebnis,mio˜•,84983358163cash,flow,laufender,geschäftstätigkeit,fortgeführter,aktivitäten,mio˜•,œ˜9774611œ˜5588investitionen,mio˜•,983812608578in,sachanlagen,immaterielle,vermögenswerte,mio˜•,209010791011in,finanzanlagen,mio˜•,77481817567free,cash,flow,mio˜•,œ˜20533439œ˜5492zahl,umlauf,be˚ndlichen,aktien,jahresdurchschnitt,tsd,stück,614745614745œergebnis,je,aktie,•13820541328dividende,je,aktie,•08020700103112201931122018nettoschulden,fortgeführter,aktivitäten,mio˜•,906643894677mitarbeiter,31979217748204410,inhalt,investoren,interview,vorstandsvorsitzenden,12der,vorstand,rwe,ag,16bericht,aufsichtsrats,18rwe,kapitalmarkt,241,zusammengefasster,lagebericht,2711,strategie,2812,innovation,3313,wirtschaftliche,rahmenbedingungen,3714,politische,rahmenbedingungen,4215,wesentliche,ereignisse,4516,anmerkungen,berichtsweise,4917,geschäftsentwicklung,5118,finanz,vermögenslage,6219,erläuterungen,jahresabschluss,rwe,ag,holding,67110,darstellung,rwekonzerns,innogy,reiner,finanzbeteiligung,69111,übernahmerechtliche,angaben,70112,vergütungsbericht,72113,entwicklung,risiken,chancen,84114,prognosebericht,932,versicherung,gesetzlichen,vertreter,963,konzernabschluss,9731,gewinn,verlustrechnung,9832,gesamtergebnisrechnung,9933,bilanz,10034,kapitalflussrechnung,10135,veränderung,eigenkapitals,10236,anhang,10437,aufstellung,anteilsbesitzes,teil,anhangs,17638,organe,teil,anhangs,20739,bestätigungsvermerk,unabhängigen,abschlussprüfers,212310,informationen,abschlussprüfer,220weitere,informationen,fünfjahresübersicht,221,impressum,222finanzkalender,223,dr,rolf,martin,schmitz,—neueﬁ,rwe,wachstums,pläne,erneuerbaren,energien,geplanten,ausstieg,braunkohle,herr,schmitz,rwe,122jährigen,geschichte,große,veränderungen,erlebt,zeichnet,—neueﬁ,rwe,unternehmen,immer,herausforde,rungen,gesellschaftlichen,erwartungen,zeit,eingestellt,tun,heute,zentrale,heraus,forderung,gegenwart,klimawandel,dringlichste,erwartung,gesellschaft,dagegen,tun,verstanden,dementsprechend,aufgestellt,insofern,—neueﬁ,rwe,unternehmen,treu,geblieben,angenommen,hätten,dauer,aufzugfahrt,zeit,neue,rwe,beschreiben,müsste,lange,überlegen,rwe,intelligentes,tauschgeschäft,eon,internatio,nal,führenden,anbieter,strom,erneuerbaren,energien,geworden,geschäft,hinzu,gewonnen,attraktive,renditen,verlässliche,rahmenbedingungen,breite,gesellschaftliche,akzeptanz,auszeichnet,rwe,wachstumsunternehmen,wort,—internationalﬁ,heißt,mehr,—europäischﬁ,—globalﬁ,ziel,gesetzt,handeln,größeren,rein,ökonomi,schen,kontext,stellt,spätestens,2040,strom,erzeugung,klimaneutral,heißt,geschäft,ein˛uss,mehr,co,2konzentration,erdatmosphäre,sehen,aufzugfahrt,gar,lang,neue,rwe,vorzustellen,2040,klimaneutral,klingt,ambitioniert,eu,dafür,zehn,jahre,mehr,zeit,lassen,ambitioniert,klimaneutral,mal,eben,dafür,bedarf,gewaltiger,anstrengungen,geeigneter,rahmenbedingungen,botschaft,lautet,bereit,anstrengungen,scheitern,glaubt,sicherlich,gibt,leute,misstrauisch,denen,veränderung,schnell,genug,geht,möchte,darauf,verweisen,schon,erreicht,rwe,—es,braucht,zeit,neue,rwe,köpfen,ankommtﬁ,12,vergangenen,sieben,jahren,co,2ausstoß,hälfte,gesenkt,unternehmen,behaupten,beschleunigte,kohle,ausstieg,deutschland,beitragen,2030,viertel,emissionen,2012,zehn,jahre,später,gesamten,strom,erneuerbaren,energien,co,2frei,produziertem,wassersto˝,erzeugen,sollten,fossile,brennsto˝e,erdgas,nutzen,müssen,sichere,stromversorgung,gewährleisten,emissionen,gegenmaßnahmen,neutralisieren,beispiel,au˝orstung,zukunft,großteil,stroms,erneuerbaren,energien,produzieren,rwe,gewaltig,investieren,überhaupt,geld,dafür,finanzierung,sehe,schwierigkeiten,wichtig,genügend,attraktive,projekte,˚nden,renditeerwartungen,erfüllen,zuversichtlich,zumal,aktionsradius,grenzen,europa,hinaus,erweitert,ausbau,erneuerbaren,energien,pro,jahr,15,2,milliarden,euro,hand,nehmen,netto,heißt,oben,drauf,kommen,mittel,projektpart,ner,beisteuern,ende,2022,windkraft,solarkapazität,heute,neun,mehr,13,gigawatt,erhöhen,großteil,zusätzlichen,kapazitäten,bereits,bau,beispielsweise,windparks,triton,knoll,britischen,nordsee,big,raymond,texas,australien,bald,limondale,an,netz,nehmen,leistungsstärkste,solarkraftwerk,kontinent,rwe,internationaler,erinnerungen,missglückten,aus˜ug,amerikanische,wassergeschäft,wecken,schon,lange,zurückliegt,mal,damals,schief,gelaufen,vermuten,rwe,eindruck,rwe,zeit,deutscher,konzern,ausland,geschäft,gekauft,geglaubt,einfach,weiterläuft,eben,dach,konzernmutter,funktioniert,heißt,auslandsgeschäft,enger,führen,müssen,führen,klar,geschäft,geschäft,wichtig,windpark,ohio,gleichen,stellenwert,nordsee,konkret,bedeutet,ort,geschäft,detail,verstehen,gestalt,natürlich,gelingt,region,gleich,gut,deshalb,wichtig,genau,überlegen,hingehen,erneuerbaren,energien,kommen,rein,theoretisch,fast,länder,welt,standorte,infrage,tatsächlich,bieten,viele,märkte,geeigneten,rahmenbedingungen,scheiden,wettbewerber,kulturelle,vorteile,letzteres,tri˝t,beispielsweise,meisten,staaten,lateinamerikas,erneuerbaren,energien,gibt,zurzeit,regel,rechten,hype,börse,stehen,unternehmen,rwe,hoch,kurs,befürchten,ho˚nungen,anleger,enttäuschen,dafür,tun,passiert,zugegeben,förderkonditionen,windräder,solaranlagen,heute,längst,mehr,gut,zehn,jahren,wettbewerb,ausschreibungen,härter,geworden,technische,fortschritt,seitdem,enorm,dadurch,anlage,heute,kostengünstiger,e˝izienter,erneuerbaren,energien,deshalb,trotz,gesunkener,vergütungen,attraktives,geschäftsfeld,allerdings,œ,sprachen,œ,zunehmenden,wettbewerb,gekennzeichnet,stimmt,erneuerbaren,eigene,rohsto˝quelle,alleinstellungsmerkmal,braunkohle,zahl,wettbewerber,projektförderungen,bemühen,größer,kostenvorteile,gutes,projektmanagement,geschäft,entscheidende,erfolgskriterien,außerdem,müssen,spitze,technologischen,entwicklung,stellen,moment,œ,rwe,technologiekonzern,begrenztem,maße,schon,appell,projekt,entwickler,ingenieure,—seid,immer,pul,technischen,entwicklungﬁ,erneuer,baren,phase,beste,technologie,erfolg,entscheidet,gilt,energiespeicherung,müssen,einfach,ganz,vorne,mitspielen,nehmen,beispiel,schwimmenden,plattformen,wind,turbinen,wäre,o˝shorewindkraft,tieferen,gewässern,möglich,beispiel,mittelmeerraum,steil,abfallenden,küsten,asien,amerika,arbeiten,intelligenten,kostengünstigen,varianten,plattformen,dabei,erfolgreich,wettbewerbern,abheben,investoren,interview,vorstandsvorsitzenden,13,neue,leitsatz,rwe,lautet,—our,energy,for,a,sustainable,lifeﬁ,vergangenen,jahr,unternehmen,gut,40,prozent,stroms,kohle,produziert,passt,zusammen,zunächst,fakten,spätestens,2038,kohleverstromung,vollständig,beenden,bundes,regierung,stilllegungsfahrplan,braunkohle,verständigt,anfangslasten,fast,ausschließlich,rwe,stemmen,zügige,ausstieg,co,2intensiven,erzeugungstechnologie,gleichzeitigem,ausbau,erneuerbaren,energien,großer,beitrag,nachhaltigen,leben,frühzeitigen,ausstieg,braunkohle,erhält,rwe,bund,26,milliarden,euro,entschädigung,tatsächlichen,belastungen,wesentlich,höher,warum,akzeptiert,stimmt,beim,braunkohleausstieg,draufzahlen,fakt,grenze,machbaren,gehen,tatsache,monatelangen,verhandlungen,politik,kompromiss,gefunden,wert,vereinbarte,ausstiegspfad,gibt,verlässlichen,rahmen,planungen,optimierungsmaßnahmen,interessen,unserer,rund,10000,beschäftigten,rheini,schen,revier,gewahrt,erhalten,anpassungshilfen,bund,soda,bergfreie,fallen,wären,kompromiss,eingegangen,hätte,jahrelange,juristische,hängepartie,gegeben,œ,ungewissem,ausgang,vorne,blicken,ganz,darauf,konzentrieren,braunkohleausstieg,reibungslos,e˝izient,sozialverträglich,umzusetzen,sehen,kumpel,rheinischen,revier,sicherlich,glaube,kumpel,weniger,rwe,hadern,denjenigen,braunkohle,felde,ziehen,dabei,teilweise,regeln,anstands,rechts,hinwegsetzen,viele,fühlen,staat,stich,gelassen,vielleicht,rwe,gefühle,gut,verstehen,dürfen,vergessen,braun,kohleverstromung,ohnehin,mitte,jahrhunderts,ausgelaufen,wäre,nahezu,branche,gibt,wandel,nehmen,autoindustrie,kenne,versorgersektor,seit,jahrzehnten,credo,lautet,zeit,energie,energie,zeit,vielleicht,richtige,moment,anzuerkennen,kohlekumpel,vergangenen,jahrzehnten,deutsch,land,geleistet,großen,anteil,wirt,schaftswunder,verbundenen,wohlstand,millionen,menschen,respekt,gebietet,alten,form,energiegewinnung,stil,verabschieden,rwe,angeht,möchte,anfügen,frühen,investitionen,erneuerbaren,energien,geld,getätigt,wurden,braunkohle,kernkraft,werken,erwirtschaftet,kommen,geschäftsverlauf,2019,konnten,ebitdaausblick,jahresverlauf,zweimal,oben,anpassen,hätten,sogar,fast,letzte,prognose,übertro˚en,2019,zunächst,bereinigten,ebitda,14,17,milliarden,euro,gerechnet,geworden,25,milliarden,euro,ausschlaggebend,dafür,überragende,performance,energiehandel,positiven,faktoren,anfangs,eingeplant,zählt,wiederaufnahme,kapazitätsmarktzahlungen,großbritannien,außerdem,tauschgeschäft,eon,pro˚tiert,genehmigung,eukommis,sion,konnten,transaktion,september,bereits,großen,teil,umsetzen,dadurch,geschäft,erneuerbaren,energien,eon,bekommen,2019,bereits,dreieinhalb,monaten,konzernergebnis,beigetragen,tauschvereinbarung,eon,zwei,jahren,unterschrieben,wann,deal,endlich,abgeschlossen,ho˝e,möglichst,schnell,dabei,geht,eigentlich,formales,aussteht,rechtliche,übertragung,innogyaktivitäten,darunter,erneuerbareenergiengeschäft,betro˝enen,aktivitäten,schon,bilanziell,erfasst,heißt,konzernabschluss,2020,spiegelt,neue,rwe,bereits,voll,wider,14,laufende,geschäftsjahr,erwarten,bereinigtes,ebitda,27,30,milliarden,euro,wäre,mehr,2019,anstieg,beruht,wesentlichen,darauf,erneuerbareenergiengeschäft,eon,vollen,zwölf,monaten,ergebnis,berücksichtigen,ausbau,unserer,windkraft,solarkapazitäten,investieren,ebenfalls,positiv,bemerkbar,allerdings,müssen,davon,ausgehen,außergewöhnliche,performance,energiehandel,2019,pro˚tiert,schnell,wiederholt,finanzberichterstattung,rwe,ab,2020,neuen,segmentstruktur,dargestellt,dabei,neue,kerngeschäft,de˛niert,kohle,kernenergie,gehören,warum,ganz,einfach,gefragt,teil,geschäfts,energiewelt,morgen,einzahlt,festen,platz,portfolio,erneuerbaren,klar,fall,gaskraftwerke,lange,sicht,backup,gebraucht,genug,wind,solarstrom,gibt,bedarf,decken,gleiches,gilt,natürlich,pump,speicher,beiden,niederländischen,steinkohlekraftwerke,amer,9,eemshaven,kohleausstiegstermine,hinaus,betreiben,ganz,biomasse,umrüsten,handelshaus,rwe,supply˜˜trading,kommerzielle,schaltstelle,konzern,unverzichtbar,optimierung,erzeugungsportfolios,all,genann,ten,aktivitäten,bilden,kerngeschäft,deutschen,steinkohle,braunkohle,kernkraftwerke,gehören,klare,ausstiegspfade,gibt,neue,kohlekraftwerke,bauen,ländern,denen,gesellschaftlich,akzeptiert,wäre,wachstumsperspektiven,sehen,neue,kerngeschäft,perspektiven,operative,ergebniswachstum,gut,wegen,erneuerbaren,energien,beiden,kommenden,jahre,erwarten,anstieg,beim,bereinigten,ebitda,durchschnittlich,acht,prozent,davon,sollen,aktionäre,pro˚tieren,geschäftsjahr,2020,peilen,dividende,85,cent,je,aktie,wären,fünf,cent,mehr,geplante,ausschüttung,2019,danach,dividende,kontinu,ierlich,steigen,maßgabe,ergebnis,entwicklung,kerngeschäft,abschließende,frage,ende,september,2019,ö˚entlichkeit,markenauftritt,neuen,rwe,vorgestellt,spüren,schon,positiven,imagee˚ekt,teilweise,ja,braucht,zeit,neue,rwe,köpfen,ankommt,kapitalmärkte,erste,begri˝en,transformation,rwe,durchläuft,aktienkurs,kannte,zwei,jahren,seit,bekanntwerden,deal,eon,praktisch,richtung,oben,politikern,erlebe,dagegen,oft,erstaunen,gespräch,klar,erneuer,baren,strang,ziehen,ö˝entlichkeit,betri˝t,liegt,arbeit,diskussionsveran,staltungen,stelle,immer,fest,viele,menschen,gar,mitbekommen,getan,manchmal,eindruck,leute,freundlicher,grüßen,ja,schon,mal,gespräch,führten,burkhard,pahnke,jérôme,hördemann,investoren,interview,vorstandsvorsitzenden,15,dr,rolf,martin,schmitz,vorstandsvorsitzender,geboren,1957,mönchengladbach,promovierter,maschinen,bauingenieur,1986,1988,planungs,ingenieur,steag,ag,1988,1998,veba,ag,u˜a,zuständig,konzernentwicklung,wirtschafts,politik,1998,2001,vorstand,rhenag,rheinische,energie,ag,2001,2004,vorstand,thüga,ag,2004,2005,vorsitzender,geschäfts,führung,eon,kraft,werke,gmbh,2006,2009,vorsitzender,vorstands,rheinenergie,ag,geschäftsführer,stadtwerke,köln,mai,2009,september,2010,vorstand,operative,steuerung,national,rwe,ag,oktober,2010,oktober,2016,vorstand,operative,steuerung,juli,2012,oktober,2016,stellvertretender,vorstands,vorsitzender,rwe,ag,seit,oktober,2016,vorsitzender,vorstands,rwe,ag,seit,mai,2017,arbeitsdirektor,rwe,ag,konzernressorts,ł,corporate,transformation,ł,interne,revision˜˜compliance,ł,konzernkommunikation˜˜energiepolitik,ł,konzernstrategie,ł,personal,ł,recht˜˜versicherung,ł,unternehmensentwicklung,dr,markus,krebber,finanzvorstand,geboren,1973,kleve,bankkaufmann,promovierter,wirtschaftswissenschaftler,2000,2005,mckinsey˜˜company,2005,2012,ver,schie,dene,leitende,positionen,commerzbank,ag,november,2012,august,2016,geschäftsführer,chief,financial,o˝icer,rwe,supply˜˜trading,gmbh,märz,2015,mai,2017,vorsitzender,geschäfts,führung,rwe,supply˜˜trading,gmbh,seit,oktober,2016,finanzvorstand,rwe,ag,konzernressorts,ł,business,service,ł,controlling˜˜risikomanagement,ł,finanzen˜˜kreditrisiko,ł,investor,relation,ł,itł,portfolio,management,mergers˜˜acquisitions,ł,rechnungswesen,ł,steuern,vorstand,rwe,ag,16,investoren,vorstand,rwe,ag,bericht,aufsichtsrats,mahatma,gandhi,stammt,satz,—sei,veränderung,wünschst,weltﬁ,rwe,au˝orderung,herzen,genommen,märz,2018,vereinbarte,tauschgeschäft,eon,konzern,international,führenden,produzenten,strom,erneuerbaren,energien,geworden,unterstützt,klimaschutzpolitik,erö˝net,vielversprechende,perspektiven,2019,schlüsseljahr,—neueﬁ,rwe,17,september,gab,eukommission,grünes,licht,tauschgeschäft,schon,folgenden,tag,konnte,umsetzung,begonnen,eon,erhielt,mehrheit,innogy,rwe,kurz,darauf,erneuer,bare,energiengeschäft,eon,weitere,transfer,abgeschlossen,aussteht,rechtliche,übertragung,innogyaktivitäten,rwe,darunter,erneuerbareenergiengeschäft,frühestmöglich,laufenden,jahr,geschehen,künftigen,kurs,neuen,rwe,management,ö˝entlichkeit,bereits,september,2019,informiert,wichtigste,botschaft,2040,unternehmen,stromerzeugung,stark,umgestellt,anspruch,klimaneutralität,erfüllt,zehn,jahre,früher,eu,anstrebt,anlehnung,gandhizitat,heißt,unternehmen,verändert,schneller,welt,herum,tut,gilt,zukunft,folgender,vergleich,zeigt,vergangenen,sieben,jahren,rwe,co,2ausstoß,51˜,gesenkt,etwa,doppelte,europa,seit,1990,gescha˝t,klimaneutral,rwe,erneuerbaren,energien,zügig,ausbauen,zweiter,baustein,emissionsminde,rungsstrategie,forcierter,ausstieg,kohleverstromung,ausstieg,deutschland,aussehen,darüber,regierungs,unternehmensvertreter,kurzem,intensiv,verhandelt,ausgangspunkt,januar,2019,vorgelegte,konzept,kommission,—wachstum,strukturwandel,beschäftigungﬁ,kurz,strukturwandel,kommission,schrittweise,beendigung,kohleverstromung,2038,vorsieht,schon,früh,stand,fest,anfänglichen,lasten,braunkohleausstiegs,rwe,schultern,monatelangen,gesprä,chen,politik,kam,januar,2020,verständigung,zeitplan,kraftwerksschließungen,höhe,kompensationen,bundesregierung,zugesagte,entschädigung,26,mrd˜•,belastungen,rwe,allerdings,voller,höhe,ausgleichen,kurzfristig,einberufenen,aufsichtsratssitzung,—unsere,aktionäre,profitieren,davon,rwe,erneuert,schrittmacher,energiewende,profitiert,gesellschaft,œ,alleﬁ,18,vorstand,gefundenen,kompromiss,informieren,lassen,wichtig,klarheit,herrscht,betro˝enen,wissen,woran,dabei,denke,rund,10000,beschäftigten,rwe,rheinischen,revier,verlässliche,perspektive,sicher,kohleausstieg,verlierern,macht,lassen,tätigkeit,aufsichtsrats,vergangenen,jahr,eingehen,2019,sämtliche,aufgaben,wahrgenommen,gesetz,satzung,obliegen,vorstand,leitung,unternehmens,beraten,handeln,aufmerksam,überwacht,zugleich,grundlegenden,entscheidun,gen,eingebunden,vorstand,informierte,mündlich,schriftlich,wesentlichen,aspekte,geschäfts,entwicklung,ertragslage,risiken,deren,management,tat,regelmäßig,umfassend,zeitnah,entscheidungen,grundlage,umfassender,berichte,beschlussvorschläge,vorstands,getro˝en,aufsichtsrat,ausreichend,gelegenheit,plenum,ausschüssen,berichten,beschlussvor,schlägen,vorstands,auseinanderzusetzen,vorstand,projekte,vorgänge,besonderer,bedeutung,dringlichkeit,außerordentlichen,sitzungen,außerhalb,unserer,sitzungen,umfassend,informiert,gesetz,satzung,erforderlichen,beschlüsse,gefasst,mitunter,umlaufverfahren,vorsitzender,aufsichtsrats,stand,ständigem,kontakt,vorstand,wichtige,neuigkeiten,konnten,somit,zeit,verzug,erörtert,themenschwerpunkte,aufsichtsratssitzungen,vergangenen,jahr,kam,aufsichtsrat,fünf,ordentlichen,zwei,außerordentlichen,sitzungen,zusammen,deren,inhalte,gleich,näher,eingehen,zusammen,künften,vorstand,ausführlichkeit,aktuelle,geschehnisse,informiert,worden,rwe,bedeutung,mitunter,ausgetauscht,vorstand,präsent,sitzungen,gab,stets,separate,tre˝en,anteilseigner,arbeitnehmervertreter,aufsichtsrat,denen,gelegen,heit,tagesordnungspunkte,kleineren,kreis,vorzubesprechen,gegebenenfalls,gemeinsame,standpunkte,erarbeiten,zentrum,unserer,beratungen,standen,empfehlungen,strukturwandelkommission,gespräche,regierungs,unternehmensvertretern,umsetzung,rheinischen,braunkohlerevier,weitere,themenschwer,punkte,gesetzgebungsprozess,niederländischen,kohleausstieg,zähe,ringen,geordneten,brexit,vorkommnisse,rund,britischen,kapazitätsmarkt,breiten,raum,nahm,tauschgeschäft,eon,genehmigungsverfahren,bisherigen,umsetzungsschritte,aufmerksam,verfolgt,daneben,berieten,künftige,strategie,rwekonzerns,ambitionierten,klimaschutzziele,sitzungen,einzelnen,ł,erstes,tre˝en,vergangenen,jahr,fand,5,februar,statt,nachdem,strukturwandelkommission,vorschläge,deutschen,kohleausstieg,bekannt,gegeben,kamen,sondersitzung,zusammen,empfehlungen,möglichen,auswirkungen,rwe,beschäftigten,rheinischen,braunkohle,revier,befassten,dabei,ging,kompensationen,rwe,maßnahmen,sozialverträglichen,personalabbau,ł,unserer,ordentlichen,sitzung,8,märz,2019,erörterten,billigten,jahresabschluss,2018,rwe,ag,konzernabschluss,gesonderten,nicht˚nanziellen,konzernbericht,außerdem,verabschiedeten,tagesordnung,ordentliche,hauptversammlung,3,mai,2019,u˜a,umwandlung,rwevorzugs,aktien,stammaktien,beschlossen,wurde,wegen,umwandlung,gesonderte,versammlung,vorzugs,aktionäre,einberufen,tagesordnung,versammlung,genehmigen,märz,sitzung,befassten,erneut,abschlussbericht,strukturwandelkommission,außerdem,berichtete,gesprächen,turnusgemäß,großen,institutionellen,anlegern,corporategovernancethemen,führe,ende,2018,anfang,2019,erneut,austausch,stattgefunden,dabei,u˜a,vorstandsvergütung,zusammensetzung,vorstands,aufsichtsrats,sowie,nachfolgeplanung,sprache,gekommen,investoren,bericht,aufsichtsrats,19,ł,zentrum,ordentlichen,sitzung,3,mai,2019,standen,letzte,vorbereitungen,ordentliche,hauptver,sammlung,bereits,erwähnte,gesonderte,versammlung,vorzugsaktionäre,gleichen,tag,stattfanden,ł,unserer,ordentlichen,sitzung,11,juli,2019,beschlossen,e˝izienz,unserer,aufsichtsratsarbeit,überprüfen,dabei,unternehmensberatung,russel,reynolds,associate,unterstützen,lassen,außerdem,informierten,darüber,jüngsten,anpassungen,deutschen,corporate,governance,kodex,dcgk,system,vorstandsvergütung,rwe,auswirken,weiteren,berieten,nachfolge,planung,vorstand,künftige,aufstellung,konzerns,abschluss,tauschgeschäfts,eon,ł,6,september,2019,kamen,weiteres,mal,außerordentlichen,sitzung,zusammen,bieter,verfahren,polnische,o˝shorewindkraftprojekte,anstand,teilnahme,daran,zustimmung,aufsichts,rat,geknüpft,obwohl,versteigerung,unternehmen,zuge,kamen,konzern,2019,einstieg,polnische,o˝shorewindkraftgeschäft,gelungen,konnte,projektpipeline,ostsee,gesamtkapazität,15,gw,sichern,ł,zwei,wochen,später,20,september,trafen,ordentlichen,aufsichtsratssitzung,besprachen,erneut,nachfolgeplanung,vorstand,dabei,ging,generelle,vorgehensweise,auswahl,bestellung,neuer,vorstandsmitglieder,beschlossen,dafür,künftig,hilfe,externen,beraters,anspruch,nehmen,breiten,raum,nahmen,sitzung,neue,strategie,neue,markenauftritt,rwe,außer,ließen,vorstand,fortgang,tauschgeschäfts,eon,informieren,ł,ordentlichen,sitzung,18,dezember,2019,unternehmensplanung,geschäftsjahr,2020,geprüft,verabschiedet,ausführlich,widmeten,neuen,fassung,dcgk,gemeinsam,vorstand,verabschiedeten,aktualisierte,entsprechenserklärung,erklärung,unternehmensführung,darin,integrierten,corporategovernancebericht,weiterer,beratungsgegenstand,1,januar,2020,kraft,getretene,gesetz,umsetzung,zweiten,aktionärsrechterichtlinie,arug,ii,arug,ii,bringt,reihe,neuerungen,u˜a,vorstandsvergütung,geschäfte,nahestehenden,personen,transparenzp˛ichten,institutionellen,anlegern,betre˝en,ausführlich,analysierten,ergebnisse,juli,initiierten,e˝izienzprüfung,bezüglich,unserer,arbeit,widmeten,frage,aufsichtsratstätigkeit,künftig,wirksamer,ausgeübt,darauf,später,näher,eingehen,ausschüsse,aufsichtsrats,aufsichtsrat,vergangenen,jahr,sechs,ständige,ausschüsse,deren,mitglieder,seite,210,aufgeführt,ausschüsse,aufgabe,sitzungen,plenum,anstehenden,themen,beschlüsse,vorzubereiten,gelegentlich,nehmen,entscheidungsbefugnisse,wahr,sofern,aufsichtsrat,übertragen,wurden,ordentlichen,sitzung,aufsichtsrat,arbeit,ausschüsse,deren,jeweiligen,vorsitzenden,informiert,berichtsjahr,fanden,insgesamt,14,ausschusssitzungen,statt,informieren,möchte,ł,präsidium,tagte,dreimal,zwei,sondersitzungen,befasste,detailfragen,umsetzung,tausch,geschäfts,eon,märz,2018,aufsichtsrat,ermächtigt,worden,dezembersitzung,widmete,gremium,turnusgemäß,unternehmensplanung,geschäftsjahr,2020,vorschau,beiden,folgejahre,ł,prüfungsausschuss,trat,viermal,zusammen,befasste,schwerpunktmäßig,jahresabschlüssen,rwe,ag,konzerns,zusammengefassten,lagebericht,halbjahres,bericht,quartalsmitteilungen,nicht˚nanziellen,konzernbericht,abschlüsse,erörterte,verö˝entlichung,vorstand,ließ,abschlussprüfer,ergebnisse,prüfung,bzw,prüferischen,durchsicht,berichten,augenmerk,lag,dabei,qualität,abschlussprüfung,gremium,gab,darüber,hinaus,empfehlung,wahl,abschlussprüfers,geschäftsjahr,2019,bereitete,erteilung,prüfungsauftrags,abschluss,prüfer,einschließlich,honorar,verein,barung,legte,prüfungsschwerpunkte,fest,prüfungsausschuss,ließ,turnusgemäß,wirksamkeit,rechnungslegungsbezogenen,internen,kontroll,system,iks,berichten,dabei,wurden,tatsachen,bekannt,wirksamkeit,iks,zweifeln,lassen,ausschuss,befasste,außer,20,stichprobenprüfung,deutsche,prüfstelle,rechnungslegung,dpr,beim,jahres,konzern,abschluss,rwe,ag,geschäftsjahr,2018,vornahm,fehlerfeststellung,führte,weitere,themen,schwerpunkte,planung,ergebnisse,internen,revision,risikosituation,rwekonzerns,gesetz,kontrolle,trans,parenz,unternehmensbereich,kontrag,datensicherheit,compliance,sachverhalte,sowie,rechtliche,steuerliche,fragen,wirtschaftsprüfer,nahm,sitzungen,prüfungs,ausschusses,teil,stand,außerhalb,sitzungsrahmens,dialog,ausschussvorsitzenden,bedarf,wurden,beratungen,fachexperten,unternehmen,hinzugezogen,ł,berichtsjahr,fanden,vier,sitzungen,personalausschusses,statt,zentrum,beratungen,standen,höhe,ausgestaltung,vorstandsvergütung,sowie,auswirkungen,arug,ii,neue,dcgk,darauf,außerdem,befasste,gremium,planung,nachfolge,vorstandsvorsitzenden,rolf,martin,schmitz,vertrag,mitte,2021,ausläuft,ł,nominierungsausschuss,hielt,2019,zwei,sitzungen,ab,beide,2021,anstehenden,neuwahl,anteilseignervertreter,aufsichtsrat,geprägt,wichtiges,thema,zurückkommen,dabei,anforderungs,kompetenzpro˚l,aufsichtsrats,auswahl,kandidaten,berücksichtigen,erörtert,wurde,folgen,arug,ii,neuen,dcgkempfehlungen,wahl,ergeben,intensiv,befasste,gremium,frage,amtszeiten,anteilseignervertreter,verkürzt,gesta˝elt,sollen,nominierungsausschuss,aufsichtsrat,befürworten,bisher,vertreter,anteilseigner,rwe,œ,deutschland,üblich,œ,fünf,jahre,block,gewählt,dafür,eintreten,amtsperioden,künftig,maximal,drei,jahre,dauern,zeitlich,versetzt,dadurch,jahr,gewisse,fluktuation,geben,vorteil,besetzung,aufsichtsrats,schneller,neue,anforderungen,angepasst,zugleich,gewährleistet,viele,personen,gremium,verlassen,dadurch,wertvolle,erfahrung,verloren,geht,ł,mitglieder,strategieausschusses,trafen,mittelpunkt,sitzung,standen,ertrags,perspektiven,wachstumsoptionen,rwe,gebiet,erneuerbaren,energien,ł,vermittlungsausschuss,gemäß,§˜27,ab,3,gesetzes,mitbestimmung,arbeitnehmer,mitbestg,2019,einberufen,interessenkon˜ikte,mitglieder,aufsichtsrats,per,gesetz,dcgk,angehalten,unverzüglich,o˝enzulegen,interessenkon˛ikte,auftreten,märz,2018,monika,krebber,dr,erhard,schipporeit,sowohl,aufsichtsrat,rwe,ag,aufsichtsrat,innogy,se,angehörten,hinblick,entscheidungen,geplanten,tauschgeschäft,eon,interessenkon˛ikt,angezeigt,bestand,2019,fort,frau,krebber,herr,schipporeit,deshalb,betre˝enden,tagesordnungspunkten,bereitenden,sitzungsunterlagen,erhalten,nahmen,beratungen,beschlussfassungen,teil,interessenkon˛ikt,ergab,monika,krebber,dadurch,wegen,veräußerung,innogybeteiligung,wechsel,eon,abzeichnete,daher,mehr,informieren,lassen,rwe,september,2019,reduktion,finanz,beteiligung,eon,plante,e˚izienzprüfung,aufsichtsrat,regelmäßig,e˝izienz,tätigkeit,prüfen,sieht,dcgk,überprüfung,2019,unterstützung,russel,reynolds,associate,vorgenommen,dabei,ging,frage,gremium,kompetenzen,verfügen,wirksame,kontrolltätigkeit,neuen,rwe,erforderlich,e˝izienzprüfung,gezeigt,arbeitsabläufe,insgesamt,zielorientiert,e˝ektiv,eingestuft,gleiches,gilt,zusammenwirken,vorstand,allerdings,wurden,maßnahmen,identi˚ziert,dabei,helfen,bereits,hohe,qualität,aufsichtsratsarbeit,verbessern,beispiels,weise,anforderungspro˚l,aufsichtsratsmitglieder,auswahl,neuer,kandidaten,gremium,zugrunde,gelegt,bestimmte,kompetenzen,erweitern,mittelpunkt,stehen,dabei,aspekte,technologie,digitalisierung,internationalität,außerdem,energiewirtschaftlichem,knowhow,größere,bedeutung,beigemessen,insbesondere,hinblick,erneuerbaren,energien,investoren,bericht,aufsichtsrats,21,personalia,berichtsjahr,gab,zwei,personalveränderungen,aufsichtsrat,monika,krebber,reiner,böhle,œ,beide,vertreter,arbeitnehmerseite,œ,18,september,gremium,ausgeschieden,beschäftigte,innogy,übernahme,gesellschaft,eon,konzern,verlassen,durften,daher,per,gesetz,mehr,aufsichtsrat,rwe,ag,angehören,nachfolger,amtsgericht,essen,27,september,anja,dubbert,matthias,dürbaum,bestellt,namen,aufsichtsrats,danke,frau,krebber,herrn,böhle,gute,zusammen,arbeit,einsatz,wohle,rwe,präsenz,aufsichtsratsmitglieder,sitzungen,geschäftsjahr,2019,aufsichtsrat,präsidium,prüfungs,ausschusspersonal,ausschussnominierungs,ausschussstrategie,ausschussdr,werner,brandt,vorsitzender,7733441442211frank,bsirske,stellv,vorsitzender,77334411michael,bochinsky,7744reiner,böhle,18092019,5522sandra,bossemeyer,7733martin,bröker,77anja,dubbert,seit,27092019,11matthias,dürbaum,seit,27092019,11ute,gerbaulet,77prof,dr,hanspeter,keitel,67332211dr,h˜c,monika,kircher,77332monika,krebber,1809201945023harald,louis,7744dagmar,mühlenfeld,7733peter,ottmann,774422günther,schartz,7711dr,erhard,schipporeit,6744dr,wolfgang,schüssel,773311434ullrich,sierau,6734ralf,sikorski,772411marion,weckes,7744leonhard,zubrowski,7733111,dr,werner,brandt,gast,sitzungen,prüfungsausschusses,teilgenommen,2,dr,monika,kircher,seit,1,april,2019,mitglied,prüfungsausschusses,3,monika,krebber,wegen,möglicher,interessenkon˛ikte,beiden,präsidiumssitzungen,amtszeit,teilgenommen,4,dr,wolfgang,schüssel,ablauf,31,märz,2019,prüfungsausschuss,ausgeschieden,sitzungspräsenz,tabelle,unten,zeigt,präsenz,sitzungen,aufsichtsrats,ausschüsse,vermittlungsausschuss,2019,getagt,aufgeführt,zahlenpaare,folgendermaßen,interpretieren,steht,beispielsweise,—34ﬁ,betre˝ende,person,drei,sitzungen,gremiums,teil,genommen,obwohl,theoretisch,aufgrund,dauer,zugehörigkeit,gremium,vier,sitzungen,hätte,teilnehmen,übersicht,sehen,fehlen,sitzung,ausnahme,dennoch,vorkam,gab,stets,überzeugende,gründe,dafür,z˜b,vorliegen,interessenkon˛ikts,22,veränderungen,gab,besetzung,unserer,ausschüsse,dr,wolfgang,schüssel,ablauf,31,märz,mitgliedschaft,prüfungsausschuss,niedergelegt,per,aufsichtsratsbeschluss,8,märz,dr,monika,kircher,gremium,aufgerückt,ausscheiden,monika,krebber,reiner,böhle,aufsichtsrat,wurden,weitere,nachbesetzungen,erforderlich,präsidium,personalausschuss,betrafen,zudem,leonhard,zubrowski,mitgliedschaft,präsidium,ablauf,17,dezember,beendet,sitzung,18,dezember,wählte,aufsichtsrat,anja,dubbert,matthias,dürbaum,präsidium,leonhard,zubrowski,personalausschuss,jahresabschluss,2019,pricewaterhousecoopers,gmbh,wirtschaftsprüfungsgesellschaft,vorstand,regeln,hgb,aufgestellten,jahresabschluss,2019,rwe,ag,gemäß,§˜315a,hgb,ifrs,aufgestellten,konzern,abschluss,sowie,zusammengefassten,lagebericht,rwe,ag,konzern,einbeziehung,buchführung,geprüft,uneingeschränkten,bestätigungsvermerk,versehen,pricewaterhousecoopers,zudem,festgestellt,vorstand,geeignetes,risikofrüherkennungssystem,eingerichtet,gesellschaft,hauptversammlung,3,mai,2019,abschlussprüfer,gewählt,aufsichtsrat,prüfung,jahres,konzernabschlusses,beauftragt,worden,mitglieder,aufsichtsrats,jahresabschlussunterlagen,geschäftsbericht,prüfungsberichte,jahr,2019,rechtzeitig,erhalten,bilanzsitzung,aufsichtsrats,6,märz,2020,vorstand,lagen,erläutert,wirtschaftsprüfer,berichteten,sitzung,wesentlichen,ergebnisse,prüfung,standen,ergänzende,auskünfte,verfügung,prüfungsausschuss,bereits,sitzung,5,märz,2020,beisein,wirtschaftsprüfer,eingehend,jahresabschlüssen,rwe,ag,konzerns,sowie,prüfungsberichten,befasst,aufsichtsrat,empfohlen,abschlüsse,billigen,gewinnverwendungs,vorschlag,vorstands,zuzustimmen,aufsichtsrat,jahresabschluss,rwe,ag,konzernabschluss,zusammen,gefassten,lagebericht,vorschlag,vorstands,verwendung,bilanzgewinns,sowie,gesonderten,nicht˚nanziellen,konzernbericht,geprüft,einwendungen,erhoben,prüfungsausschuss,empfohlen,stimmte,ergebnis,prüfung,jahresabschlusses,rwe,ag,konzernabschlusses,billigte,beide,abschlüsse,jahresabschluss,2019,festgestellt,aufsichtsrat,schließt,gewinnverwendungsvorschlag,vorstands,ausschüttung,dividende,080˜•,je,aktie,vorsieht,dank,beschäftigten,rwe,veränderungen,rwe,erleben,stellen,beteiligten,große,heraus,forderungen,verlangen,mut,beharrlichkeit,flexibilität,kreativität,mitarbeiterinnen,mitarbeiter,rwe,gezeigt,veränderungen,möglich,gravierende,konsequenzen,verdient,respekt,namen,aufsichtsrats,möchte,dafür,herzlich,danken,rwe,richtigen,steht,außer,frage,blick,börse,zeigt,wer,ende,2017,rwestamm,aktie,investiert,kam,ende,januar,2020,gesamtrendite,100˜,aktionäre,pro˚tieren,davon,rwe,erneuert,schrittmacher,energiewende,pro˚tiert,gesellschaft,œ,motivation,zukunft,herausforderungen,stellen,wünschenswerten,veränderungen,zwangsläu˚g,einhergehen,aufsichtsrat,dr,werner,brandt,vorsitzender,essen,6,märz,2020,investoren,bericht,aufsichtsrats,23,rwestammaktie,dax,stoxx,europe,600,utility,quelle,bloomberg,311220183103201930062019300920193112201960504030,20100rwe,kapitalmarkt,2019,gutes,börsenjahr,deutsche,leitindex,dax,legte,25˛,konnte,schwache,performance,2018,mehr,wettmachen,wichtigster,impulsgeber,expansive,geldpolitik,führender,notenbanken,besser,beim,dax,˝el,jahresbilanz,rweaktie,stämme,kamen,rendite,kursveränderung,dividende,49˛,schlossen,branchenvergleich,weit,überdurchschnittlich,ab,kapitalmarkt,honorierte,u˛a,fortschritte,umsetzung,tausch,geschäfts,eon,führenden,produzenten,strom,erneuerbaren,energien,geworden,aktienmarkt,trotz,konjunktureller,abkühlung,aufwind,schwachen,börsenjahr,2018,konnten,aktienanleger,2019,hohe,renditen,freuen,deutsche,leitindex,dax,legte,25˜,13249,punkte,erreichte,größte,plus,seit,2013,exakt,gleichen,prozentsatz,gestiegen,entwicklung,kam,experten,überraschend,sorgten,handelsstreit,usa,china,sowie,hängepartie,brexit,erhebliche,verunsicherung,anlegern,allerdings,pro˚tierte,dax,davon,europäische,zentralbank,geldpolitik,angesichts,negativer,konjunktursignale,lockerte,nullzinsen,teilweise,negativen,renditen,bundesanleihen,zieht,immer,mehr,anleger,aktienmarkt,rwestammaktie,49˛,rendite,kursveränderung,dividende,aktionäre,rwe,2019,besonders,gutes,börsenjahr,stammaktie,verteuerte,1897˜•,2735˜•,inklusive,mai,gezahlten,dividende,070˜•,erbrachte,jahresrendite,49˜,konnte,dax,dritten,mal,folge,weit,lassen,branchenindex,stoxx,europe,600,utility,˜30˜,übertro˝en,wesentlicher,grund,starke,rweperformance,umsetzung,geplanten,tauschgeschäfts,eon,zügig,vorankamen,transaktion,inzwischen,großenteils,abgeschlossen,steigt,rwe,international,führenden,stromproduzenten,erneuer,baren,energien,viele,investoren,analysten,sehen,wesentlichen,werttreiber,rweaktie,positiven,kursein˛uss,erfolgreiche,geschäftsverlauf,rwe,wiedereinsetzung,britischen,kapazi,tätsmarktes,negativ,wirkte,anhaltende,unsicherheit,hinsichtlich,rahmenbedingungen,deutschen,kohleausstiegs,bundesregierung,eingesetzte,kommission,—wachstum,strukturwandel,beschäftigungﬁ,januar,2019,konkrete,vorschläge,gemacht,angemessene,kompensationen,betro˝enen,stromerzeuger,empfohlen,anschlie,ßenden,verhandlungen,bund,ländern,unternehmen,umsetzung,empfehlungen,zogen,2020,siehe,seite,42˜˝,performance,rwestammaktie,sowie,indizes,dax,stoxx,europe,600,utility,in˜,wochendurchschnittswerte,24,rwe,wandelt,vorzugsaktien,stammaktien,mitte,2019,insgesamt,39,mio,rwevorzugsaktien,stimmberechtigte,stamm,aktien,umgewandelt,verbrieft,rweaktie,gleichen,rechte,umwandlung,erfolgte,verhältnis,11,zuzah,lung,3,mai,2019,ordentlichen,haupt,versammlung,gesellschaft,sowie,gesonderten,versammlung,vorzugsaktionäre,vorschlag,vorstands,aufsichtsrats,beschlossen,worden,28,juni,2019,wurde,erforderliche,satzungsänderung,handelsregister,beim,amtsgericht,essen,eingetragen,börsennotierung,vorzüge,handelsschluss,eingestellt,anfang,juli,depot,banken,rwevorzugsaktien,kunden,rwestamm,aktien,umgebucht,deren,gesamtzahl,6147,mio,gestiegen,sicht,institutioneller,investoren,aktie,unternehmens,stimmrecht,verbunden,prinzip,—one,share,œ,one,voteﬁ,anspruch,rwe,gerecht,dividendenvorschlag,geschäftsjahr,2019,aufsichts,rat,vorstand,rwe,ag,hauptversammlung,28,april,2020,vorschlagen,zurück,liegende,geschäftsjahr,080˜•,je,aktie,auszu,schütten,010˜•,mehr,vorjahr,dividendenvorschlag,spiegelt,solide,ertragslage,rwe,wider,breite,internationale,aktionärsbasis,unserer,jüngsten,erhebung,anfang,2020,schätzungsweise,86˜,insgesamt,6147,mio,rweaktien,eigentum,institu,tioneller,investoren,14˜,privatpersonen,inkl,belegschaftsaktionäre,ent˚elen,institutionelle,investoren,deutschland,hielten,24˜,rweanteile,vorjahr,25˜,ländern,kontinentaleuropas,kam,anlegergruppe,14˜,aktienkapitals,vorjahr,15˜,nordamerika,großbritannien,irland,summierte,anteil,44˜,vorjahr,43˜,größter,einzelaktionär,rwe,ag,jahresbeginn,7˜,gezeichneten,kapital,amerikanische,vermögensverwalter,blackrock,platz,2,belegte,knapp,5˜,keb,holding,stadt,dortmund,steht,gefolgt,stadt,essen,3˜,1,bezogen,jahresdurchschnittliche,anzahl,umlauf,be˚ndlichen,aktien,2,dividendenvorschlag,geschäftsjahr,2019,rwe,ag,vorbehaltlich,beschlussfassung,hauptversammlung,28,april,2020,3,rwevorzugsaktien,mitte,2019,stammaktien,umgewandelt,worden,siehe,erläuterung,unten,4,quotient,dividende,je,aktie,aktienkurs,ende,geschäftsjahres,kennzahlen,rweaktien,20192018201720162015ergebnis,je,aktie,1•1382054309œ˜929œ˜028cash,flow,laufender,geschäftstätigkeit,fortgeführter,aktivitäten,je,aktie,1•œ˜159750œ˜613383543dividende,je,stammaktie,•0802070150œœdividende,je,vorzugsaktie,3•œ070150013013ausschüttung,mio˜•,492243092255börsenkurse,stammaktie,kurs,ende,geschäftsjahres,•27351897170011821171höchster,tagesschlusskurs,•28692248231415952568niedrigster,tagesschlusskurs,•1897151011801017920dividendenrendite,stammaktie,4293788œœzahl,umlauf,be˚ndlichen,aktien,jahresdurchschnitt,tsd,stück,614745614745614745614745614745börsenkapitalisierung,jahresende,mrd˜•,1681171037171an,investoren,rwe,kapitalmarkt,25,13˜,privataktionäre,aktionärsstruktur,rwe,ag,1˙1˜,belegschaftsaktionäre,˙7˜,blackrock,inc,˙5˜,keb,holding,ag,˙3˜,stadt,essen,86˛,institutionelle,aktionäre,24˜,deutschland22˜,usakanada,22˜,großbritannienirland,14˜,kontinentaleuropa,deutschland˙4˜,sonstige,länder,71˜,sonstige,institutionelle,aktionäre,anteil,unserer,stamm,aktien,streu,besitz,free,float,deutsche,börse,gewichtung,indizes,zugrunde,legt,betrug,zuletzt,100˜,üblicherweise,anteile,investoren,kumuliert,mindestens,5˜,aktiengattung,entfallenden,grundkapitals,ausmachen,free,float,einbezogen,vermögensverwalter,blackrock,gilt,jedoch,höhere,schwelle,25˜,etwa,1˜,rweaktien,be˚nden,händen,unserer,derzeitigen,ehemaligen,beschäftigten,belegschaftsaktienprogramme,ermöglichen,mitarbeitern,deutscher,britischer,konzerngesellschaften,vergünstigten,konditionen,unternehmen,beteiligen,vergangenen,jahr,5852,personen,36˜,bezugsberechtigten,angebot,gebrauch,gemacht,erwarben,insgesamt,333,tsd,stammaktien,vergünstigungen,abwicklung,programme,2503,tsd˜•,aufgewendet,rwe,zahlreichen,börsen,vertreten,rweaktien,frankfurt,main,weiteren,deutschen,börsen,plätzen,sowie,elektronische,handelsplattformen,xetra,gehandelt,börsen,europäischen,ausland,erhältlich,usa,rwe,sogenanntes,level1adrprogramm,vertreten,gehandelt,aktien,american,depositary,receipt,adrs,dabei,handelt,zerti˚kate,u,amerikanischen,depotbanken,ausgegeben,bestimmte,anzahl,hinterlegter,aktien,ausländi,schen,unternehmens,repräsentieren,falle,rwe,steht,adr,stamm,aktie,börsenkürzel,rwestammaktie,reuters,xetra,rwegde,reuters,börse,frankfurt,rwegf,bloomberg,xetra,rwe,gy,bloomberg,börse,frankfurt,rwe,grwertpapierkennnummer,wkn,deutschland703712international,security,identi˚cation,number,isin,de0007037129american,depositary,receipt,cusip,number,74975e3031,stand,1,januar,2020,prozentangaben,beziehen,anteil,gezeichneten,kapital,quellen,eigene,erhebungen,mitteilungen,deutschen,wertpapierhandelsgesetz,26,zusammengefasster,lagebericht,11,strategie,vergangenen,jahr,neue,rwe,start,gegangen,tauschgeschäft,eon,international,führendes,unternehmen,gebiet,erneuerbaren,energien,geworden,rolle,allrounders,stromerzeugung,vorderster,reihe,schaffung,nachhaltigen,energiesystems,mitwirkt,œ,solange,nötig,œ,flexiblen,kraftwerken,sicherheit,energieversorgung,beiträgt,nachhaltige,stromerzeugung,klimaneutral,anspruch,bereits,2040,gerecht,dafür,milliarden,windkraft,photovoltaik,energiespeicher,investieren,entsprechend,politischen,vorgaben,frühzeitig,sozialverträglich,kohleverstromung,aussteigen,neue,rwe,fokus,nachhaltige,stromerzeugung,energiehandel,unternehmen,vergangenen,jahren,grundlegend,neu,aufgestellt,beginn,transformationsprozesses,rwe,integrierter,versorger,stufen,energie,wirtschaftlichen,wertschöpfungskette,abdeckte,heute,stromerzeugung,energiehandel,spezialisiertes,unternehmen,beitrag,leisten,energiewirtschaft,grund,legend,erneuert,œ,nahezu,co,2freien,strom,erzeugung,sicher,bezahlbar,bleibt,neuen,rwe,begann,2016,geschäfts,felder,erneuerbare,energien,netze,vertrieb,neuen,tochtergesellschaft,namen,innogy,zusam,menführten,börse,brachten,eineinhalb,jahre,später,anfang,2018,vereinbarten,eon,umfas,sendes,tauschgeschäft,inzwischen,großenteils,abgeschlossen,zuge,transaktion,trennten,september,2019,768˜,anteil,innogy,erhielten,dafür,erneuerbare,energien,geschäft,eon,1667˜,beteiligung,eon,minderheitsanteile,eon,tochter,preussenelektra,kernkraftwerken,gundremmingen,25˜,emsland,125˜,aussteht,rechtliche,rückübertragung,einzelner,innogy,aktivitäten,rwe,erneuerbare,energien,geschäft,deutschen,tschechischen,gasspeicher,sowie,379˜,anteil,österreichischen,energieversorger,kelag,position,—fortgeführte,innogy,aktivitätenﬁ,konzern,abschluss,erfasst,seite,45,erläutern,tausch,geschäft,eon,ausführlich,hervorragende,startposition,erneuerbaren,energien,erneuerbare,energien,geschäft,eon,innogy,dach,rwe,international,führender,stromerzeuger,regenerativen,quellen,geworden,ende,2019,verfügten,erneuerbare,energien,portfolio,gesamtkapazität,99,gw,dabei,handelt,erzeugungsleis,tung,pro,rata,d˜h,gemäß,beteiligungs,quoten,zuzurechnen,windparks,land,onshore,meer,offshore,86,gw,großteil,erzeugungsleistung,offshore,windkraft,nr,2,weltweit,neben,bestehenden,anlage,vielzahl,unterschiedlich,weit,fortgeschrittener,wachs,tum,projekte,übernommen,schwerpunkt,windkraft,gefolgt,photovoltaik,stromer,zeugung,regenerativen,quellen,abstand,ertragreichstes,tätigkeitsfeld,bereits,2020,mehr,hälfte,bereinigten,ebitda,erwirtschaften,ziel,2040,rwe,klimaneutral,parallel,umsetzung,tauschgeschäfts,eon,strategie,weiterentwickelt,ambitionierte,ziele,hinblick,verringerung,unserer,treibhausgasemissio,nen,gesetzt,2012,2019,rwe,jährlichen,co,2ausstoß,bereits,51˜,gesenkt,2030,sollen,75˜,zentrale,rolle,spielt,dabei,schritt,weise,ausstieg,kohleverstromung,2040,strom,produktion,rwe,konzerns,weit,umgestellt,anspruch,klimaneutralität,erfüllt,dabei,setzen,zügigen,ausbau,erneuerbaren,energien,verstärkte,nutzung,speichertechnologien,einsatz,co,2neutralen,brennstoffen,stromerzeugung,strategische,ausrichtung,spiegelt,markenauftritt,wider,neuen,leitsatz,—our,energy,for,a,sustainable,lifeﬁ,bringen,ausdruck,rwe,konzern,rund,20000,mitarbeitern,entschlossen,nachhaltige,energieversorgung,hinarbeitet,hohes,wachstumstempo,windkraft,photovoltaik,wichtigster,baustein,unserer,strategie,umstellung,unserer,stromproduktion,zunehmende,nutzung,regenerativer,quellen,tauschgeschäft,eon,verfügen,gute,startposition,zügig,ausbauen,windkraft,solarkapazitäten,ende,2019,87,gw,pro,rata,lagen,ende,2022,13,gw,erhöhen,dafür,planen,nettoinvestitionen,jährlich,15,20,mrd˜•,reinvestition,erlösen,verkauf,projekt,beteiligungen,bruttoausgaben,sogar,wesentlich,28,höher,ausfallen,technologischer,hinsicht,liegt,augenmerk,windkraft,photovoltaik,geografisch,märkte,europa,amerika,asiatisch,pazifischen,raum,konzentrieren,derzeit,größtes,bauprojekt,offshore,windpark,triton,knoll,ostküste,england,leistung,860,mw,innogy,garantierte,vergütung,7475˜£mwh,gesichert,land,errichten,zurzeit,große,windparks,z˜b,big,raymond,cranell,u,bundes,staat,texas,440,bzw,220,mw,australischen,new,south,wale,2020,solarkraftwerk,limondale,betrieb,nehmen,349,mwp,leistungs,stärkste,landes,integrierten,geschäftsmodell,innogy,eon,verfolgt,halten,fest,heißt,neuen,projekten,möglichst,gesamte,wertschöpfungskette,abdecken,œ,entwicklung,bau,betrieb,leistungsfähige,speicher,voraussetzung,100˜,stromerzeugung,erneuerbaren,energien,ausbau,erneuerbaren,energien,allein,getan,verfügbarkeit,wind,solarenergie,hängt,hohem,maße,wetterbedingungen,tages,jahreszeit,ab,mal,deckt,stromproduktion,regenerativen,quellen,bruchteil,nachfrage,ab,mal,überschreitet,lokalen,bedarf,stark,gedrosselt,weiteren,ausbau,erneuerbaren,energien,rücken,speichertechnologien,daher,immer,mehr,mittelpunkt,erfüllen,technischen,wirtschaftlichen,voraussetzungen,großem,maßstab,absicherung,stromversor,gung,eingesetzt,œ,arbeiten,daran,ändert,mehreren,forschungs,entwick,lungsprojekten,widmen,derzeit,sogenannten,power,to,gastechnologien,umwandlung,strom,erneuerbaren,energien,wasserstoff,nutzung,gas,klimaneutraler,rohstoff,beispiels,weise,rahmen,initiative,—get,h,2ﬁ,gasnetzbetreibern,industrieunternehmen,zusammen,getan,erzeugung,speicherung,transport,nutzung,wasserstoffs,industriellem,maßstab,testen,siehe,seite,36,neben,power,to,gastechnologi,en,thermischen,mechanischen,speicherkonzep,ten,einsatz,batterien,abfederung,schwankungen,erneuerbaren,energien,beitragen,rwe,bereits,entwicklung,bau,batterie,speichern,aktiv,aktivitäten,bauen,konventionelle,stromerzeugung,wachsende,bedeutung,energieträgers,gas,aufbau,speicherinfra,struktur,vollversorgung,grünem,strom,benötigt,frage,jahren,jahrzehnten,daher,längere,sicht,kraftwerke,geben,schwankungen,wind,solarstrom,ausgleichen,konventionellen,erzeugungs,kapazitäten,leisten,unverzichtbaren,beitrag,zuverlässigen,bedarfsgerechten,stromver,sorgung,kernmärkten,deutschland,großbritan,nien,benelux,großenteils,hochmodernen,gaskraftwerke,eignen,besonders,gut,partner,erneuerbaren,energien,wenig,co,2,emittieren,fahrweise,schnell,lastschwankungen,netz,anpassen,gemessen,erzeugungsleistung,gas,schon,heute,wichtigster,konventioneller,energie,träger,anteil,kraftwerksportfolio,erhöhen,wachstumsmöglichkeiten,sehen,gegenwärtig,allerdings,kauf,bestehender,anlage,neubaumaßnahmen,derzeit,i˜d˜r,unwirt,schaftlich,œ,sei,anlage,erhalten,garantierte,vergütungen,kraft,wärme,kopplungsgesetz,basis,kapazitätsausschreibungen,netzbetreiber,kohle,kernkraftwerke,erzeugungs,portfolio,dagegen,immer,mehr,gewicht,verlieren,kern,energie,ergibt,deutschen,ausstiegs,fahrplan,einzelne,anlage,spätestmöglichen,abschalt,termin,vorsieht,aktuell,zwei,kernkraft,werke,rwe,netz,gundremmingen,c,emsland,blöcke,ende,2021,bzw,ende,2022,betreiben,müssen,stilllegen,operative,geschäft,kernenergie,wesentlichen,sicheren,effizienten,rückbau,anlage,beschränken,außerdem,suchen,wegen,standorte,unserer,kernkraftwerke,zukunft,energiewirtschaftlich,nutzen,beim,energieträger,kohle,zeichnet,ende,nutzungsmöglichkeit,ab,drei,ländern,kohle,kraftwerken,rwe,gibt,bereits,konkrete,ausstiegspläne,großbritannien,peilt,2024,früheste,enddatum,dezember,2019,letztes,steinkohle,kraftwerk,œ,aberthaw,b,œ,netz,genommen,vorzeitig,stillzulegen,lagebericht,strategie,29,niederlande,ende,2029,kohle,aussteigen,seit,vergangenem,jahr,gesetzlich,festgeschrieben,derzeit,verfügen,zwei,steinkohlekraftwerke,amer,9,eemshaven,2024,bzw,2029,brennstoff,betrieben,stillgelegt,müssen,dank,staatlicher,förderung,beiden,anlage,beifeuerung,biomasse,begonnen,prüfen,anteil,rohstoffs,langfristig,100˜,steigern,deutschland,regierung,anfang,2020,gesetzentwurf,kohleausstieg,vorgelegt,empfehlungen,kommission,—wachstum,struktur,wandel,beschäftigungﬁ,orientiert,demnach,bestand,kohlekraftwerken,markt,2038,schritt,weise,null,reduziert,gesetzentwurf,eingeflossen,vorzeitige,schließung,braun,kohleanlagen,rheinischen,revier,langen,verhandlungen,bundesregierung,verständigt,ausführliche,informationen,finden,seite,42˜ff,ausstiegsfahrplan,bietet,chance,verlässlichen,regulatorischen,rahmen,innerhalb,klimaneutrale,stromerzeugung,ab,2040,hinarbeiten,zugleich,stellt,große,soziale,betriebliche,herausforderungen,erster,linie,rheinische,braunkohlewirtschaft,betreffen,beispielsweise,müssen,tagebau,hambach,vorzeitig,beenden,gleichzeitigem,erhalt,hambacher,forsts,erheblichen,aufwendungen,verbunden,außerdem,gezwungen,großem,umfang,stellen,abzubauen,sozialprogramme,betroffenen,beschäftigten,aufzulegen,gesprächen,bundesregierung,konnten,entschädigungen,insgesamt,26,mrd˜•,aushandeln,dennoch,zusätzlichen,belastungen,teil,tragen,müssen,deutschen,kohleausstieg,struktur,wandel,rheinischen,braunkohlerevier,stark,beschleuni,gen,wandel,tatkräftig,mitgestalten,beitragen,region,energiewirtschaftlich,geprägt,bleibt,rekultivierungsflächen,eignen,teil,hervorragend,ausbau,erneuerbaren,energien,drei,onshore,windparks,innogy,gibt,bereits,kraftwerksstandorte,weiterent,wickeln,beispielsweise,frimmersdorf,inno,vations,technologie,gewerbepark,entstehen,standort,weisweiler,rahmen,eu,projekts,probebohrungen,durchführen,herauszufinden,dortige,geothermie,erzeugung,fernwärme,eignet,siehe,seite,34˜f,innovationszentrum,niederaußem,verstärkt,power,to,gas,technologien,beschäftigen,bereits,seit,2013,betreiben,elektrolyseur,produktion,wasserstoff,energiehandel,œ,kommerzielle,schaltstelle,erzeugungsgeschäft,kerngeschäft,rwe,zählt,energiehandel,wirtschaftliche,bindeglied,elementen,unserer,wertschöpfungskette,regionalen,märkten,verschiedenen,rohstoffen,verantwortet,konzerngesellschaft,rwe,supply˜˜trading,schwerpunktmäßig,strom,gas,kohle,öl,biomasse,co,2zertifikaten,handelt,macht,hauptsächlich,europa,tochter,gesellschaften,new,york,singapur,peking,weiteres,tätigkeitsfeld,unternehmens,vermarktung,stroms,rwe,kraftwerken,beschaffung,stromproduktion,benötigten,brennstoffe,emissionsrechte,sollen,preisrisiken,begrenzt,rwe,supply˜,trading,ferner,betraut,einsatz,unserer,kraftwerke,kommerziell,optimieren,dadurch,erzielten,ergebnisbeiträge,stehen,allerdings,erzeugungsgesellschaften,ausgewiesen,konzernfremde,unternehmen,know,how,unserer,handel,tochter,profitieren,gibt,breite,palette,angeboten,klassischen,energielieferverträgen,umfassende,energie,management,lösungen,komplexen,risiko,manage,ment,konzepten,reicht,rwe,supply˜˜trading,tätigt,darüber,hinaus,kleinere,investitionen,energieanlagen,energieunternehmen,denen,wertsteigernde,maßnahmen,anschließende,weiterveräußerung,hohe,renditen,erzielen,lassen,sogenannte,principal,investment,ende,2019,verfügte,gesellschaft,sieben,principal,investment,beteiligungen,vier,davon,usa,zusätzliche,ertragspotenziale,zwischenhandel,speicherung,erdgas,weiteres,tätigkeitsfeld,rwe,supply˜˜trading,gasgeschäft,gesellschaft,führender,europäischer,zwischenhändler,etablieren,schon,heute,beliefert,zahlreiche,unternehmen,innerhalb,außerhalb,konzerns,gas,schließt,langfristige,bezugsverträge,produzenten,ab,organisiert,gastransport,buchung,pipeline,optimiert,zeitliche,profil,lieferungen,speicherkapazitäten,mietet,dabei,gilt,je,größer,diversi,fizierter,portfolio,bezugs,lieferkontrakten,desto,größer,chance,kommerziell,optimie,ren,lässt,rwe,supply˜˜trading,handelt,verflüssig,tem,erdgas,lng,dabei,geht,erster,linie,darum,preisdifferenzen,regionalen,gasmärkten,nutzen,pipeline,miteinander,verbunden,30,tauschgeschäft,eon,bauen,gasgeschäft,unserer,früheren,tochter,innogy,erhalten,elf,gasspeicher,fünf,deutschland,fassungsvermögen,insgesamt,16,mrd,m3,sechs,tschechien,insgesamt,27,mrd,m3,ergeb,nisse,bewirtschaftung,anlage,erfassen,ab,2020,segment,energiehandel,aufgrund,regulatorischer,vorgaben,speicher,rwe,supply˜˜trading,rechtlich,unabhängigen,konzerngesellschaften,gehören,unternehmen,rwe,supply˜˜trading,vermieten,pächter,wiederum,nutzen,speicher,zeitliche,arbitrage,geschäfte,lassen,warmen,monaten,befüllen,wenig,gas,beheizen,gebäuden,gebraucht,entnehmen,gas,kalten,jahreszeit,nachfrage,groß,dabei,hängt,saisonalen,preisunterschieden,erdgas,ab,erträge,arbitrage,geschäfte,verauktionierung,speicher,kapazitäten,erwirtschaften,lassen,preisdifferenzen,sommer,wintergas,inzwischen,wesent,lich,geringer,vergangenheit,gilt,insbesondere,deutschen,markt,derzeit,überangebot,speicherkapazitäten,gibt,erholung,margen,absehbar,allerdings,glauben,lange,sicht,verstärkt,knappheitsphasen,preisspit,zen,rechnen,u˜a,wegen,zunehmenden,nachfrage,kraftwerksgas,davon,doppelt,profitieren,nutzer,eigentümer,speicher,attraktives,beteiligungsportfolio,stärkung,finanzkraft,neben,operativen,geschäft,gibt,rwe,portfolio,finanzbeteiligungen,energie,unternehmen,hohe,verlässliche,einnah,men,versprechen,größte,einzelposition,anteil,eon,zuge,tauschgeschäfts,erhalten,zeitpunkt,erwerbs,september,2019,167˜,gelegen,kurz,darauf,150˜,gesenkt,beteiligungsportfolio,umfasst,außerdem,251˜,anteil,deutschen,übertragungsnetzbetreiber,amprion,bereits,erwähnten,379˜,anteil,österreichischen,versorger,kelag,fortgeführten,innogy,aktivitäten,zählt,starken,position,gebiet,wasserkraft,fügt,kelag,ideal,erneuerbare,energien,strategie,neue,konzernstruktur,bündelung,kohle,kernenergie,segment,ab,2020,rwekonzern,neuen,struktur,darstellen,wesentliche,veränderung,gegenüber,2019,provisorischen,segmente,—fortgeführte,innogy,aktivitätenﬁ,—übernommene,eon,aktivitätenﬁ,auflösen,erzeugungsgeschäft,ausschließlich,energieträgern,aufgliedern,deutschen,braunkohle,steinkohle,kernkraftwerke,fassen,segment,zusammen,technologien,gibt,staatlich,vorgegebene,ausstiegspfade,soda,rückbau,anlage,rekultivierung,tagebauflächen,vergleich,strom,erzeugung,bedeutung,gewinnen,seite,94˜f,finden,weitere,informationen,neue,segment,aufgliederung,alte,struktur,finanz,berichterstattung,geschäftsjahr,2019,orientiert,seite,49˜f,erläutert,steuerungssystem,rwe,ag,mittelpunkt,unserer,geschäftspolitik,steht,nachhaltige,steigerung,unternehmenswertes,steuerung,konzern,aktivitäten,nutzt,rwe,ag,konzernweites,planungs,controllingsystem,effizienten,ressourcen,einsatz,gewährleistet,zugleich,zeitnahen,detaillierten,einblick,aktuelle,voraussichtliche,entwicklung,vermögens,finanz,ertragslage,ermöglicht,basis,zielvorgaben,vorstands,erwartungen,hinsichtlich,geschäftsverlaufs,erarbeiten,jahr,mittelfristplanung,stellen,dar,wichtige,finanzkennzahlen,voraussichtlich,entwickeln,mittelfristplanung,enthält,budgetwerte,jeweils,bevorstehende,geschäftsjahr,planzahlen,folgejahre,vorstand,legt,planung,aufsichtsrat,prüft,genehmigt,mitunter,verlangt,aufsichtsrat,plananpassungen,ehe,zustimmt,laufende,geschäftsjahre,erstellen,interne,prognosen,budget,anknüpfen,vorstände,rwe,ag,wichtigsten,operativen,einheiten,kommen,regelmäßig,zusammen,jahres,abschlüsse,auszuwerten,prognosen,aktualisie,ren,sofern,laufe,geschäftsjahres,deutliche,abweichungen,aktualisierten,prognose,werten,budgetwerten,auftreten,ursachen,analysiert,gegebenenfalls,gegensteuernde,maßnahmen,ergriffen,außerdem,informieren,kapitalmarkt,unverzüglich,veröffentlichte,prognosen,angepasst,müssen,lagebericht,strategie,31,wichtige,kennzahlen,steuerung,geschäfts,bereinigte,ebitda,bereinigte,ebit,bereinigte,netto,ergebnis,nettoschulden,beim,ebitda,handelt,ergebnis,zinsen,steuern,abschreibungen,aussagekraft,hinblick,ordentlichen,geschäftsverlauf,verbessern,bereini,gen,operative,aperiodische,effekte,neutralen,ergebnis,erfasst,herausgerech,net,veräußerungsgewinne,verluste,vorüber,gehende,ergebnis,effekte,marktbewertung,derivaten,firmenwertabschreibungen,sowie,sonstige,wesentliche,sondersachverhalte,zieht,bereinigten,ebitda,betrieblichen,abschreibungen,ab,erhält,bereinigte,ebit,wichtige,operative,kennzahl,wesentliche,sondereffekte,korrigierte,netto,ergebnis,bereinigtes,nettoergebnis,2019,steuerungszwecken,kennzah,len,genutzt,denen,innogy,bilanziell,reine,finanz,beteiligung,erfasst,gewinn,verlustrechnung,wurde,unternehmen,dabei,ausschließlich,rwe,zustehenden,dividende,berücksichtigt,ifrskonsolidierungsgrundsätzen,abweichende,vorgehens,weise,seite,69,näher,erläutert,konnten,rolle,innogy,adäquat,abbilden,größere,unab,hängigkeit,rechnungslegungsvorgaben,vorteil,umsetzung,tausch,geschäfts,eon,methodischen,anpassungen,vornehmen,mussten,daher,wurde,vorgehensweise,angewendet,variable,vorstandsvergütung,maßgeblichen,ergebniskennzahlen,ermitteln,attraktivität,investitionsvorhaben,beurteilen,nutzen,erster,linie,internen,zinsfuß,internal,rate,of,return,finanzlage,konzerns,analysieren,u˜a,anhand,cash,flow,laufender,geschäftstätig,keit,besonderes,augenmerk,legen,entwick,lung,free,cash,flow,ergibt,mittelzufluss,laufender,geschäftstätigkeit,ausga,ben,investitionen,abzieht,einnahmen,desinves,titionen,anlagenabgängen,hinzurechnet,weiterer,indikator,finanzkraft,rwe,nettoschulden,ausgangspunkt,ermittlung,nettofinanzposition,rwe,zuzüglich,rückstellungen,pensionen,ähnliche,verpflichtungen,entsor,gung,kernenergie,bereich,bergbau,bedingte,ver,pflichtungen,z˜b,rekultivierung,tage,bauflächen,rückbau,windparks,ab,berichtsjahr,2020,bergbaubedingten,rückstellungen,deckung,verwendeten,finanzaktiva,allerdings,mehr,nettoschulden,einbeziehen,steuerung,unserer,verschuldung,orientieren,sogenannten,leverage,factor,gibt,verhältnis,nettoschulden,bereinigten,ebitda,dabei,stellen,künftig,erträge,kerngeschäft,ab,abgren,zung,seite,94˜f,erläutert,nachhaltiges,wirtschaften,œ,mehr,senkung,emissionen,langfristig,erfolgreich,unternehmerische,verantwortung,wahrnehmen,akzeptanz,gesellschaft,sichern,aspekt,corporate,responsibility,cr,heute,große,beachtung,geschenkt,cr,bezieht,mannigfaltige,ökologische,ökonomische,soziale,aspekte,geht,somit,weit,verringerung,treibhausgasemissionen,hinaus,erwartungen,gesellschaft,besser,einschätzen,suchen,dialog,vertretern,unserer,anspruchsgruppen,—stakeholderﬁ,bezeichnet,dabei,handelt,erster,linie,anteilseigner,arbeitnehmer,politiker,verbände,nichtregierungsorganisationen,bürgerinitia,tiven,impulse,austausch,stakeholdern,erhalten,helfen,dabei,handlungsschwer,punkte,gebiet,cr,festzulegen,neben,reduktion,unserer,emissionen,gibt,reihe,weiterer,anliegen,ernst,nehmen,zählen,u˜a,gesundheit,unserer,mitarbeiter,biodiversität,standorten,vielfalt,belegschaft,attraktivi,tät,rwe,arbeitgeber,viele,cr,belange,konkrete,ziele,gesetzt,messen,deren,erreichung,mithilfe,kennzahlen,schaffen,transparenz,verleihen,unserer,nachhaltigkeits,strategie,höheres,maß,verbindlichkeit,dadurch,erreicht,grad,erfüllung,crzielen,direkten,einfluss,vergütung,vorstands,rwe,ag,siehe,seite,80,weitergehende,informationen,zielen,maßnahmen,gebiet,cr,finden,gesonderten,nichtfinanziellen,konzernbericht,§˜315b,ab,3,hgb,außerhalb,zusammengefassten,lageberichts,bestandteil,april,2020,erscheinenden,cr,berichts,veröffentlicht,cr,bericht,titel,—unsere,verantwortungﬁ,internet,wwwrwecomcr,bericht,abgerufen,32,rund,290,erfindungen,spitzengruppe,europäischen,versorger,rwe,vielfältiger,weise,innovativ,antreibt,ziel,stark,wandelnden,umfeld,wettbewerbsfähig,bleiben,motor,wandels,innovationspro,jekten,lösungen,entwickeln,dabei,helfen,stromerzeugung,regenerativen,quellen,auszubau,en,potenziale,unserer,konventionellen,kraftwerke,erfolgreiche,umsetzung,energiewende,nutzbar,1070,patenten,patentanmeldungen,etwa,290,erfindungen,basieren,gehören,spitzengruppe,europäischen,versorger,vergangenen,jahr,ca,190,projekten,gebiet,forschung,entwicklung,f˜˜e,gearbeitet,rund,370,unserer,mitarbeiter,ausschließlich,teilweise,befasst,meist,kooperieren,f˜˜e,vorhaben,unternehmen,forschungseinrichtungen,müssen,deshalb,i˜d˜r,teil,projektkosten,tragen,betriebliche,f˜˜eaufwand,rwe,konzerns,belief,2019,21,mio˜•,vorjahr,18,mio˜•,innogy,dabei,œ,vorher,genannten,zahlen,œ,fortgeführten,aktivitäten,berücksichtigt,folgenden,präsentieren,kleine,auswahl,aktueller,innovationsprojekte,verdeutlichen,mannig,faltigkeit,herausforderungen,energie,wende,stellt,kreativität,heraus,forderungen,angehen,schwimmende,tetrasparturbine,neue,option,ausbau,offshorewindkraft,stromerzeu,gung,offshore,windturbinen,rwe,nr,2,weltweit,anlage,gemeinsam,fest,meeresboden,verankert,befinden,deshalb,standorten,wassertiefe,50,metern,mittelfristig,denkbar,maximal,70,meter,grund,beschränkung,größeren,wassertiefen,müssten,mehr,baustoffe,eingesetzt,konstruktion,stabil,wind,wellen,stand,halten,aufgrund,hohen,baukosten,wären,windparks,mehr,wirtschaftlich,potenzial,windkraft,besser,nutzen,arbeitet,branche,derzeit,konzepten,schwimmende,windturbinen,floating,wind,lediglich,ankerketten,meeres,grund,befestigt,anlage,kommen,tiefere,gewässer,standorte,infrage,lassen,ganz,neue,regionen,windkraft,erschließen,z˜b,mittelmeerraum,meist,steil,abfallenden,küsten,asien,amerika,laut,windeurope,europäischen,verband,windindustrie,meer,etwa,80˜,gebiete,geeignete,windstärken,stromerzeugung,aufweisen,klassische,form,offshore,windkraft,tief,befindet,floating,technologie,erpro,bungsphase,meist,handelsübliche,turbinen,dafür,genutzt,schwimmenden,funda,menten,teure,maßanfertigungen,handelt,gemeinsam,mineralölkonzern,shell,dänischen,unternehmen,stiesdal,offshore,technology,sot,testet,innogy,derzeit,modulares,konzept,namens,tetraspar,projektpartner,erhebliche,einsparpoten,ziale,versprechen,sot,stahlrohr,tragstruktur,entwickelt,wasser,darunter,hängenden,kiel,stabil,gehalten,dank,modularen,ansatzes,einzelteile,tragstruktur,verschiedenen,standorten,vorgefertigt,vorteil,gegenüber,floating,konzepten,liegt,darin,schwimmfundament,direkt,hafen,zusammengebaut,turbine,bestückt,projektteam,test,windkraftanlage,modellmaßstab,wind,wellenkanal,weitgehend,abgeschlossen,fertigung,einzelkomponenten,testanlage,wurde,bereits,begonnen,2020,erste,tetraspar,fundament,dänischen,hafen,grenaa,montiert,wasser,gelassen,nächsten,schritt,36,mwwindturbine,darauf,befestigt,schlepper,bringen,anlage,teststandort,zehn,kilometer,norwegischen,küste,nahe,stavanger,drei,ankerketten,meeresboden,200,metern,tiefe,befestigt,kabel,stromnetz,verbunden,schwimmende,turbine,vielzahl,sensoren,ausgestattet,messen,verhalten,realen,bedingungen,erwartungen,berechnungen,modellversuchen,12,innovation,kaum,industriesektor,stark,wandel,begriffen,energiewirtschaft,innovationsgeist,neugier,tatendrang,gestalt,wandel,vergangenen,jahr,190,innovationsprojekte,gestartet,vorangetrieben,370,unserer,mitarbeiter,sowie,zahlreiche,partner,industrie,wissenschaft,projekten,beteiligt,vielfältig,vorhaben,œ,ziel,technischen,wirtschaftlichen,herausforderungen,energiewende,meistern,lagebericht,innovation,33,entspricht,tetraspar,hoffen,konzept,gefunden,erlaubt,floating,technologie,ganz,neue,windkraft,regionen,vorzustoßen,wetterschutz,windparks,geringere,reparaturkosten,beschichtung,rotorblätter,blätter,turbinen,unserer,windparks,wind,wetter,gesetzt,gilt,insbesondere,vordere,blattkante,treffen,staub,wassertropfen,offshore,stand,orten,meersalz,lackschicht,dringen,zeit,darunterliegenden,schichten,erosionsschäden,müssen,regelmäßig,hohem,aufwand,beseitigt,ändern,getreu,devise,—vorbeugen,besser,reparierenﬁ,schon,seit,jahren,bieten,hersteller,materialien,schild,kanten,aufgebracht,erosion,schützen,drei,arten,materialien,stehen,dafür,verfügung,spezielle,farben,klebestreifen,vorgeformte,schaumstoffe,bereits,labor,getestet,dabei,kamen,materialien,zehn,herstel,lern,einsatz,offshore,windparks,gwynt,y,môr,küste,wale,rödsand,2,lolland,dänemark,führen,untersuchungen,realen,bedingungen,fort,meeresstandorten,zahl,größe,salzgehalt,wassertropfen,luft,besonders,hoch,aussagekraft,materialtests,dienen,festzustellen,einfach,materialien,wetterbedingungen,meer,auftragen,lassen,aerodynamik,turbinen,auswirken,test,voraussichtlich,2021,andauern,spätestens,material,besten,kosten,nutzen,verhältnis,identifiziert,turnus,mäßigen,wartungen,könnten,rotorblätter,auftragen,unnötigen,stillstandzeiten,vorbeugen,außerdem,beim,bau,windparks,darauf,achten,turbinen,bereits,optimalen,schutzschicht,geliefert,windkraftanlagen,beobachtung,condition,monitoring,system,nachdem,windkraftanlage,installiert,regelmäßig,gewartet,instand,gehalten,schäden,sollten,früh,möglich,erkannt,bewertet,behoben,ausfall,anlage,kommt,sicheren,möglichst,unterbrechungsfreien,betrieb,unserer,windparks,gewährleisten,setzen,zustandsüberwachungssysteme,condition,monitoring,system,sensoren,erfassen,systeme,drehzahlen,schwingungen,umgebungs,temperaturen,vieles,mehr,rund,uhr,messungen,vorgenommen,ergebnisse,gespeichert,anschließend,werten,programme,daten,rahmen,unserer,f˜˜e,tätigkeit,arbeiten,daran,zusammenspiel,sensoren,hardware,analysemethoden,software,verbessern,beispiels,weise,untersuchen,hardware,besten,datenaufnahme,eignet,software,verbessern,u˜a,mithilfe,sogenannter,machine,learning,ansätze,ingenieure,it,spezialisten,bringen,programmen,basis,vorhandenen,datenbestände,selbsttätig,immer,besser,normalem,—verdächtigemﬁ,verhalten,windkraftanlagen,unterscheiden,besten,geeigneten,kombinationen,hard,software,übernehmen,anschließend,einzelne,anlagentypen,sogar,ganze,flotten,mithilfe,unserer,zustandsüber,wachungssysteme,zahl,außerplanmäßigen,instandhaltungen,bereits,erheblich,senken,wärme,erde,neue,aufgaben,stand,ort,weisweiler,regenerative,energiequelle,großem,potenzial,tiefengeothermie,bietet,vielversprechende,perspektiven,energieversorgung,möglicherweise,zukunft,rheini,schen,braunkohlereviers,rahmen,f˜˜e,initiative,dach,eu,förderprojekts,interreg,untersu,chen,derzeit,rwe,kraftwerk,weisweiler,östlich,aachen,erdwärme,gewinnen,tiefen,gesteinsschichten,gespeichert,konkret,geht,darum,heißes,wasser,großer,tiefe,zutage,fördern,hitze,ließe,mithilfe,wärmetauschers,auffangen,aachener,fernwärmenetz,nutzen,thermalwasser,zweites,bohrloch,untergrund,zurückgepumpt,region,aachen,rheinischen,revier,klimaneutraler,energie,versorgt,weisweiler,bliebe,planmäßigen,ende,braunkohleverstromung,wichtiger,energie,standort,zukunftssicheren,arbeitsplätzen,zehn,partner,projekt,namen,—dgerollout,nweﬁ,erschließung,tiefengeothermie,nordwesteuropa,leitung,geologischen,dienstes,nordrhein,westfalen,zusammengetan,rwe,power,bringt,neben,energieinfrastruktur,standorts,weisweiler,know,how,mitarbeiter,projekt,zudem,verlaufen,kraftwerk,bereits,fernwärmeleitungen,rund,20,kilometer,entfernte,aachen,ersten,projektphase,untergrundverhältnisse,weisweiler,erkundet,zweiten,jahreshälfte,2020,probeboh,rung,mehr,1000,meter,tiefe,vordringen,herausstellen,nutzung,erdwärme,wirtschaft,34,lich,wäre,geburtsstunde,geothermie,stand,orts,weisweiler,land,nordrhein,westfalen,ziel,gesetzt,ausstieg,kohleverstromung,2038,massiven,ausbau,erneuerbaren,energien,flankieren,rheinische,revier,europäischen,modellregion,wandel,modernen,innovativen,klima,freundlichen,industrie,erdwärme,dabei,besonderem,interesse,wetterunabhängig,rund,uhr,verfügung,steht,langen,bergbautradition,hohen,fachlichen,technischen,standard,verfügt,nordrhein,westfalen,notwendigen,voraussetzungen,erfolgreiche,etablierung,tiefengeothermie,belgien,niederlanden,profitieren,bereits,fernwärmenetze,gewächshäuser,industriebetriebe,thermalbäder,umweltfreundlichen,energie,erdinneren,storetopower,umwandlung,kohle,wärmespeicher,kraftwerke,strukturwandel,rheinischen,braunkohlerevier,erhaltung,region,energie,standort,geht,projekt,—storetopowerﬁ,begriff,andeutet,steht,dabei,stromspeicherung,fokus,großen,herausforderungen,energiewen,de,besteht,darin,wind,sonne,stabilen,elektrizitätsquellen,je,mehr,stelle,konventio,neller,kraftwerke,treten,umso,dringender,benötigen,speicherlösungen,erlauben,stark,schwankende,stromproduktion,regenerativen,quellen,zeitlichen,bedarfsprofil,einklang,bringen,ausstieg,kohle,einstieg,speicherung,verknüpft,œ,darum,geht,storetopower,erkunden,nutzung,braun,kohlekraftwerks,wärmespeicherkraftwerk,dabei,bedarf,kompletten,neukonstruktion,anlage,kohlekraftwerken,verbrennung,kohle,wärme,gewonnen,wärme,wiederum,wasserdampf,wasserdampf,treibt,hohem,druck,turbine,deren,hilfe,generator,strom,erzeugt,wärmespeicherkraftwerk,umgebauten,kohle,kraftwerk,wärme,dampferzeugung,gewonnen,verbrennung,kohle,nämlich,strom,sonne,wind,immer,übermaß,vorhanden,genutzt,wärmespeicher,aufzuheizen,später,wind,solarstrom,knapp,gespeicherten,wärme,wasserdampf,turbinenan,trieb,erzeugt,module,wärmespeicheranlage,neben,bestehenden,kraftwerksblöcken,zugebaut,speicheranlage,erzeugte,dampf,ersetzt,immer,größeren,teil,ansonsten,braunkohle,erzeugten,dampfmenge,kraftwerk,auslaufen,kohleverstromung,vollständig,wärmespeicherkraftwerk,erneuerbaren,energien,betrieben,projekt,storetopower,rwe,deutschen,zentrum,luft,raumfahrt,dlr,fh,aachen,zusammengetan,gemeinsam,partner,wärmespeichermodul,testanlage,großen,braunkohlekraftwerksblock,rheinischen,revier,nachrüsten,nachweisen,konzept,technisch,umsetzbar,land,nordrhein,westfalen,fördert,planungsarbeiten,bereits,finanziell,storetopower,leitprojekt,sofortprogramm,—das,rheinische,zukunftsrevierﬁ,aufgenommen,juli,2019,vorhaben,wichtige,hürde,genommen,wurde,bundesministerium,wirtschaft,energie,bmwi,liste,20,projekte,aufgenommen,rahmen,ideenwettbewerbs,—reallabore,energiewendeﬁ,fördermittel,beantragen,dürfen,ideenwettbewerb,beitragen,zukunftsfähige,energietechnologien,realen,bedingungen,großtechnischen,maßstab,erprobt,innovative,co,2nutzung,synthetischer,treibstoff,kohlendioxid,schon,seit,längerem,arbeiten,verfah,ren,denen,kohlendioxid,rauchgas,kraft,werken,abgetrennt,sogenannte,co,2wäsche,innovationszentrum,niederaußem,rheini,schen,braunkohlerevier,zusammen,basf,linde,weltweit,führenden,technologien,gebiet,entwickelt,pilotanlage,co,2wäsche,leistungsfähigkeit,langjährigen,test,beweis,gestellt,seit,2009,mehr,80000,betriebs,stunden,absolviert,co,2abscheidungsgrade,90˜,erzielt,co,2,pilotanlage,nutzen,herstel,lung,synthetischen,treibstoffen,grundstoffen,chemische,industrie,denen,fossile,energieträger,erdöl,erdgas,ersetzen,lassen,fünf,projekte,gestartet,allesamt,eu,förderung,qualifiziert,zwei,seien,beispielhaft,vorgestellt,ersten,projekt,mefco,2,methanol,from,co,2,bereits,abgeschlossen,co,2,wasserstoff,methanol,hergestellt,wasserstoff,wiederum,per,elektrolyse,wasser,strom,erzeugt,methanol,ausgangsstoff,verschiedenste,chemische,produkte,meistproduzierten,chemikalien,weltweit,außerdem,eignet,chemischer,langzeitspeicher,erneuer,bare,energien,œ,sofern,herstellung,verwendete,wasserstoff,grünem,strom,gewonnen,wurde,methanol,später,stromerzeugung,verwendet,lagebericht,innovation,35,zweites,projekt,align,ccus,seit,2017,nieder,außem,vorangetrieben,vorhaben,stellt,neben,eu,bmwi,mittel,bereit,insgesamt,30,industrie,unternehmen,forschungseinrichtungen,fünf,europäischen,ländern,daran,beteiligt,zeigen,vollständige,wertschöpfungskette,co,2abscheidung,nutzung,speiche,rung,gestalt,lässt,projekt,align,ccus,co,2,wasserstoff,dimethylether,dme,umgewandelt,dme,ruß,stickoxidarmer,diesel,ersatz,verwendet,pilotanlage,niederaußem,anfang,2020,produktion,aufgenommen,pro,tag,gewinnen,co,2,wasserstoff,50,kilogramm,dme,u˜a,treibstoff,produktion,spitzenlaststrom,stationären,dieselaggregat,niederaußem,einge,setzt,align,ccus,weiteres,beispiel,dafür,künftig,engpässe,stromerzeugung,erneuerbaren,energien,abgefedert,könnten,projekte,umwandlung,co,2,dienen,erfahrungen,neuen,technologien,produkten,partnern,somit,nächsten,schritt,vorzubereiten,errichtung,betrieb,demonstrationsanlage,erprobung,verfahren,großtechnischen,maßstab,get,h,2,blaupause,einstieg,wasserstoff,wirtschaft,projekte,mefco,2,align,ccus,gezeigt,spielt,wasserstoff,nutzung,co,2,zentrale,rolle,bedeutung,energiewirt,schaft,geht,allerdings,weit,anwendung,hinaus,wasserstoff,h,2,lässt,vielfältig,einsetzen,beispielsweise,erzeugung,strom,wärme,treibstoff,auto,rohstoff,industrie,weiterer,vorteil,leichtesten,chemischen,element,besteht,darin,per,elektrolyse,strom,wasser,gewinnen,lässt,speichermedium,erneuerbare,energien,infrage,kommt,herstellung,transport,nutzung,wasserstoff,stehen,zentrum,initiative,get,h,2,zahlreichen,partnern,wirtschaft,forschung,zusammen,getan,get,h,2,ziel,deutschlandweite,wasser,stoffinfrastruktur,aufzubauen,gestartet,initiative,projekt,kraftwerksstandort,lingen,großem,maßstab,grüner,wasserstoff,industrielle,prozesse,hergestellt,außerdem,bestehende,gaspipeline,lingen,ruhrgebiet,führt,transport,wasserstoff,nutzbar,vorhaben,befindet,planungsphase,steht,vorbehalt,wirtschaftlichkeit,braunkohlekraftwerke,geringere,quecksilberemissionen,dank,herdofenkoks,bemühen,strom,immer,emissionsärmer,erzeugen,treibhausgas,co,2,visier,schadstoffe,quecksilber,schon,heute,gelingt,größten,teil,quecksilbers,rauchgas,abzuscheiden,aufzufangen,dadurch,unterschreiten,anlage,aktuellen,gesetzlichen,emissionsobergrenzen,deutlich,allerdings,neue,eu,vorgaben,führen,erlaubte,rahmen,braunkohlekraftwerke,ab,sommer,2021,wesentlich,enger,gesteckt,daher,kommt,zugute,seit,jahren,intensiv,befassen,quecksilber,emissionen,vertretbaren,kosten,gesenkt,besonderes,augenmerk,gilt,dabei,verfahren,braunkohle,gewonnener,herdofenkoks,einsatz,kommt,stoff,nutzen,bereits,abscheidung,quecksilber,veredlungsanlagen,denen,braunkohle,briketts,braunkohlestaub,zement,kalkindustrie,weiterverarbeiten,herdofenkoks,emissionen,kraftwerken,gesenkt,zeigten,test,jahr,2018,pilotanlage,innovationszentrum,niederaußem,herdofenkoks,rauchgaskanal,braunkohleblocks,eingedüst,ergebnis,quecksilber,lagert,feinen,partikeln,herdofenkoks,beides,elektrofilter,aufgefangen,anschließend,entsorgt,versuche,brachten,deutliche,senkung,quecksilber,emissionen,veranlasste,methode,großen,maßstab,realen,bedingungen,anzuwenden,demonstrationsanlage,errichtet,ebenfalls,kraftwerksblöcke,niederaußem,gekoppelt,umfassenden,testreihen,februar,juli,2019,verfahren,erneut,bewährt,effektiv,erwiesen,weiteren,braunkohleblöcken,einsetzen,lage,wären,zukünftigen,grenzwerte,einzuhalten,demonstrationsanlage,erkunden,derweil,technik,perfektionieren,ausführliche,informationen,weiteren,f˜˜eprojekten,finden,wwwrwecominnovation,wwwinnogycominnovation,erneuerbare,energien,36,quelle,bloomberg,2624222018,16,14,12terminkontrakt,2018,terminkontrakt,2019,terminkontrakt,2020,201720182019einjahresterminpreise,gas,großhandelsmarkt,ttf,in˜•mwh,wochendurchschnittswerte,13,wirtschaftliche,rahmenbedingungen,globale,wirtschaftswachstum,2019,verlangsamt,deutschland,bruttoinlandsprodukt,ersten,schätzungen,geringfügig,gestiegen,industrieproduktion,sogar,rückläufig,soda,stromverbrauch,nachgab,internationalen,märkten,kraftwerkskohle,erdgas,notierungen,mehrjährigem,aufschwung,gefallen,trotzdem,jahresdurchschnittlichen,stromterminpreise,deutschland,niederlanden,höher,2018,wesentliche,rolle,spielte,dabei,seit,2017,beobachtende,verteuerung,co,2emissionsrechten,trug,maßgeblich,margen,emissionsarmen,gaskraftwerke,verbesserten,steinkohlekraftwerke,verschlechterten,leichtes,wachstum,eurozone,abgelaufenen,geschäftsjahr,konjunktur,spürbar,abgekühlt,ersten,schätzungen,globale,wirtschaftsleis,tung,ca,25˜,gestiegen,mehr,stark,2018,33˜,eurozone,dürfte,wachstum,knapp,1˜,gelegen,deutschland,kommt,wohl,06˜,größte,volkswirtschaft,währungs,raums,wegen,exportabhängigkeit,hohem,maße,internationalen,handelskonflikten,betroffen,dagegen,nahmen,niederlande,wachstum,schätzungsweise,17˜,vorderen,platz,euro,ländern,großbritannien,wichtigsten,markt,außerhalb,währungsunion,entwickelte,wirt,schaft,trotz,eu,austritts,31,januar,2020,vergleichs,weise,robust,bruttoinlandsprodukt,landes,aktueller,datenlage,mehr,1˜,erhöht,seit,übernahme,erneuerbare,energien,geschäfts,eon,zählen,usa,kernmärkten,rwe,wirtschaftsforschungsinstitute,veranschlagen,dortige,wachstum,2˜,rückläufiger,stromverbrauch,deutschland,entwicklung,stromverbrauchs,hängt,hohem,maße,industriekonjunktur,ab,euro,päischen,märkten,merklich,abgeschwächt,zudem,wurde,witterungsbedingt,weniger,heizstrom,benötigt,vorläufigen,daten,bundesverbands,energie,wasserwirtschaft,bdew,stromverbrauch,deutschland,2019,etwa,2˜,verringert,expertenschät,zungen,großbritannien,lassen,rückgang,gleicher,größenordnung,schließen,niederlanden,wohl,wesentliche,veränderung,2018,gab,usa,dürfte,stromnachfrage,trotz,soliden,konjunktur,sogar,mehr,2˜,verrin,gert,rolle,spielte,dabei,sommer,temperaturen,außergewöhnlich,hohen,vorjahres,niveau,lagen,dementsprechend,weniger,energie,raumklimatisierung,benötigt,wurde,lagebericht,wirtschaftliche,rahmenbedingungen,37,quelle,rwe,supply˜˜trading,100908070,6050terminkontrakt,2018,terminkontrakt,2019,terminkontrakt,2020,201720182019einjahresterminpreise,steinkohlelieferungen,amsterdamrotterdamantwerpen,ustonne,wochendurchschnittswerte,milde,witterung,lässt,spotpreise,erdgas,einbrechen,einsatz,ertragslage,unserer,kraftwerke,hängen,stark,davon,ab,preise,brennstoffen,emissionsrechten,entwickeln,erdgas,wichtigster,frei,handelbarer,energieträger,zeichnete,2019,extrem,niedriges,spotpreisniveau,niederländischen,handelspunkt,ttf,title,transfer,facility,kontinental,europäischen,leitmarkt,lagen,notierungen,schnitt,14˜•mwh,9˜•,niedriger,jahr,zuvor,wesentliche,rolle,spielte,dabei,heizgasbedarf,wegen,milden,winter,20182019,ungewöhnlich,niedrig,außerdem,drängten,große,mengen,verflüssigtem,erdgas,lng,europäi,schen,markt,wodurch,preise,mehr,druck,gerieten,zusätzliche,verbräuche,aufgrund,verbesser,ten,auslastung,gaskraftwerken,konnten,ausgleichen,gasterminhandel,preisniveau,ebenfalls,verringert,ganz,stark,ttf,forward,2020,kostete,berichtsjahr,durchschnittlich,18˜•mwh,vergleich,2018,forward,2019,21˜•,gehandelt,worden,rückläufige,nachfrage,dämpft,steinkohlepreise,kraftwerkssteinkohle,kesselkohle,spotpreis,niveau,ebenfalls,deutlich,verringert,lieferungen,ara,häfen,ara˜˜amsterdam,rotterdam,antwerpen,inklusive,fracht,versicherung,wurden,2019,durchschnittlich,61,ustonne,54˜•,abgerechnet,31,u,weniger,vorjahr,hintergrund,kohlekraftwerke,europa,schwach,ausgelastet,dementsprechend,weniger,kesselkohle,benötigt,wurde,importbeschränkungen,china,reaktivierung,japanischer,kernkraftwerke,dämpften,zudem,nachfrage,asiatischen,raum,aufgrund,genannten,faktoren,terminpreise,stark,rückläufig,jahres,forward,index,api,2,kostete,2019,durchschnittlich,70,ustonne,62˜•,17,u,weniger,2018,38,quelle,rwe,supply˜˜trading,302520,15,1050terminkontrakt,dezember,2018,terminkontrakt,dezember,2019,terminkontrakt,dezember,2020,201720182019terminpreise,co,2emissionsrechte,european,union,allowance,in˜•tonne,co,2,wochendurchschnittswerte,deutschland,niederlande,großbritannien,quelle,rwe,supply˜˜trading,80706050,40,3020terminkontrakt,2018,terminkontrakt,2019,terminkontrakt,2020,201720182019einjahresterminpreise,grundlaststrom,großhandelsmarkt,in˜•mwh,wochendurchschnittswerte,reform,europäischen,emissionshandelssystems,sorgt,rasanten,preisanstieg,co,2zertifikaten,wichtiger,kostenfaktor,stromproduktion,fossilen,brennstoffen,beschaffung,co,2emissionsrechten,deren,preise,seit,mitte,2017,stark,erhöht,sogenannte,european,union,allowance,eua,ausstoß,tonne,co,2,berechtigt,kostete,2019,schnittlich,25˜•,9˜•,mehr,2018,angaben,beziehen,terminkontrakte,dezember,jeweiligen,folgejahres,fällig,deutliche,preis,anstieg,beruht,darauf,eu,emissionshandels,system,grundlegend,reformiert,neuen,regelungen,teilweise,seit,anfang,2019,greifen,hohe,überschussbestand,markt,vorhandenen,emissionsrechte,reduziert,viele,teilnehmer,emissionshandel,erwarten,deshalb,verknappung,verfügbaren,euas,frühzeitig,eingedeckt,dadurch,schon,umset,zung,reformpakets,massiver,preisanstieg,beobachten,lagebericht,wirtschaftliche,rahmenbedingungen,39,deutschland,niederlande,großbritannien,quelle,rwe,supply˜˜trading,deutschland,niederlande,großbritannien,quelle,rwe,supply˜˜trading,1050œ˜5œ˜10151050œ˜5œ˜10terminkontrakt,2018,terminkontrakt,2019,terminkontrakt,2020,terminkontrakt,2018,terminkontrakt,2019,terminkontrakt,2020,201720182019201720182019clean,spark,spread,1,terminhandel,in˜•mwh,wochendurchschnittswerte,clean,dark,spread,1,terminhandel,in˜•mwh,wochendurchschnittswerte,deutlicher,preisrückgang,stromspothandel,verbilligung,erdgas,steinkohle,dämpfte,notierungen,stromgroßhandel,verteuerung,emissionsrechten,gegenläufig,wirkte,grundlaststrom,wurde,2019,deutschen,spotmarkt,durchschnittlich,38˜•mwh,gehandelt,6˜•,preisniveau,vorjahres,großbritannien,spotnotie,rungen,14˜£,43˜£mwh,49˜•,niederlanden,12˜•,41˜•mwh,verringert,terminmärkten,zeigte,folgendes,bild,deutsche,grundlast,forward,2020,kostete,2019,durchschnittlich,48˜•mwh,4˜•,mehr,vorjahr,forward,2019,gezahlt,wurde,niederlanden,jahres,forward,geringfügig,verteuert,1˜•,50˜•mwh,großbritannien,2˜£,52˜£mwh,59˜•,gesunken,verteuerung,co,2emissionsrechten,setzt,margen,kohlekraftwerken,druck,kraftwerks,margen,ergeben,preis,je,produzierte,einheit,strom,kosten,dafür,benötigten,menge,brennstoff,co,2emissionsrechten,abzieht,brennstoff,steinkohle,gaskraftwerke,beschaffen,i˜d˜r,liquiden,märkten,jeweils,aktuellen,konditionen,erzeugungskosten,anlage,daher,stark,schwanken,gaskraft,werken,margen,clean,spark,spread,bezeichnet,steinkohlekraftwerken,clean,dark,spread,1,grundlast,strompreis,abzüglich,kosten,steinkohle,co,2emissionsrechte,angenommenen,kraftwerkseffizienz,40˜,inklusive,co,2steuer,großbritannien,1,grundlast,strompreis,abzüglich,kosten,gas,co,2emissionsrechte,angenommenen,kraftwerkseffizienz,50˜,inklusive,co,2steuer,großbritannien,40,grafiken,seite,40,zeigen,spread,wichtigsten,erzeugungsmärkten,seit,2017,entwickelt,abgestellt,terminkontrakte,jeweils,nächste,jahr,clean,spark,spread,lagen,2019,deutschland,niederlanden,vorjahresdurchschnitt,großbritannien,dagegen,darunter,clean,dark,spread,großbritannien,niederlanden,deutlicher,rückgang,gegenüber,2018,beobachten,deutschland,jahres,durchschnittliche,niveau,geringfügig,erhöht,brennstoffkosten,braunkohle,kernkraftwerke,vergleichsweise,stabil,braunkohle,eigenen,tagebauen,fördern,uran,basis,langfristiger,verträge,festen,konditionen,beschaffen,höhere,terminpreisniveau,deutschen,stromgroßhandel,folge,kernenergie,erzielbaren,margen,verbesserten,braunkohlekraftwerken,standen,positiven,preiseffekt,erhebliche,mehrkosten,verteuerung,co,2emissionsrechten,gegenüber,rwe,geringfügig,höhere,margen,grundlasttermin,kontrakten,2019,kurzfristige,absatz,preis,risiken,begrenzen,verkaufen,strom,unserer,kraftwerke,größtenteils,termin,sichern,benötig,ten,brennstoffe,emissionsrechte,preislich,ab,erzeugungsmargen,berichtsjahr,hängen,somit,stark,davon,ab,konditionen,terminkontrakte,2019,vorangegangenen,jahren,abgeschlossen,strom,braunkohle,kernkraftwerken,konnten,geschäften,höhere,preise,teil,höhere,margen,erzielen,geschäften,2018,terminverkäufe,strom,gas,steinkohlekraftwerken,typischerweise,geringerem,zeitlichen,vorlauf,2019,realisierten,strompreise,deshalb,höher,allerdings,gab,kostensteigerungen,wegen,2018,beobachtenden,deutlichen,verteuerung,brennstoffen,daneben,machte,preisanstieg,emissionsrechten,bemerkbar,stromverkäufen,2019,erzielten,margen,unserer,gaskraftwerke,deutschland,großbritannien,niederlanden,trotz,belastungen,gegenüber,vorjahr,verbessert,deckungsbeiträge,unserer,steinkohlekraftwerke,genannten,märkten,rückläufig,bessere,windverhältnisse,2018,stromerzeu,gung,regenerativen,quellen,verfügbarkeit,profitabilität,anlage,hohem,maße,wetter,bedingungen,beeinflusst,zentrale,rolle,spielt,windaufkommen,produktions,standorten,polen,spanien,italien,teil,höher,langjährigen,durchschnitt,meisten,britischen,einzelnen,u,amerikanischen,standorten,dagegen,niedriger,übrigen,regionen,denen,tätig,bewegte,überwiegend,normalniveau,vergleich,vorjahr,wurden,standorten,i˜d˜r,ähnlich,hohe,höhere,windgeschwindigkeiten,gemes,sen,lediglich,teilen,usa,schwedens,rückgang,verzeichnen,laufwasserkraftwerken,hängt,auslastung,starkem,maße,nieder,schlags,schmelzwassermengen,ab,deutschland,hauptregion,unserer,stromerzeugung,wasserkraft,mengen,geringer,langjährigen,schnitt,gegenüber,2018,erhöht,lagebericht,wirtschaftliche,rahmenbedingungen,41,14,politische,rahmenbedingungen,thema,klimaschutz,steht,weiterhin,ganz,oben,politischen,agenda,europäische,kommission,—green,dealﬁ,maßnahmenpaket,drastische,senkung,treibhausgasemissionen,sektoren,wirtschaft,vorgelegt,eu,2050,klimaneutral,heimatmarkt,deutsch,land,treibt,politik,klimaschutz,voran,januar,2020,bundesregierung,gesetzentwurf,kohleausstieg,vorgelegt,schrittweise,beendigung,kohleverstromung,2038,vorsieht,entwurf,müssen,braunkohlekraftwerke,tagebaue,vorzeitig,schließen,dafür,sollen,kompensationen,erhalten,deutlich,tatsächlichen,belastungen,liegen,positiv,rahmenbedingungen,kohlekraftwerke,verlässlicher,notwendige,personalabbau,sozial,abgefedert,eukommission,legt,—green,dealﬁ,europa,2050,klimaneutral,neue,europäische,kom,mission,präsidentin,ursula,leyen,11,dezember,2019,—european,green,dealﬁ,vorgelegt,programm,enthält,maßnahmenkatalog,senkung,treibhausgasemissionen,bereichen,wirtschaft,green,deal,verfolgt,kommission,zwei,ziele,erste,eu,2050,klimaneutral,zweite,ziel,bezieht,jahr,2030,dahin,eu,jährlichen,treibhausgasausstoß,50,55˜,wert,1990,senken,bisher,geplant,reduktion,40˜,erreicht,sollen,ziele,weitreichenden,umbau,industrie,energieversorgung,verkehr,landwirtschaft,dafür,plant,eukommission,zahlreiche,gesetze,programme,vorgesehen,u˜a,beschleunigter,ausbau,erneuer,baren,energien,neue,industriestrategie,importhürden,klimaschädlich,produzierte,strategie,sauberen,verkehr,regionen,maßnahmen,besonders,belastet,sollen,mitteln,—just,transition,fundﬁ,unterstützt,eu,zunächst,ziel,klimaneutralität,2050,gesetzlich,verankern,voraussichtlich,sommer,legislative,verfahren,zielerhöhung,2030,starten,je,ausgang,verfahrens,müssten,regeln,europäischen,emissionshandels,überarbeitet,künftig,markt,gegebenen,zertifikatmengen,unten,angepasst,eu,schränkt,teilnahme,kohlekraftwerken,kapazitätsmechanismen,europäische,parlament,ministerrat,märz,bzw,mai,2019,reform,eu,gesetzgebung,strommarkt,verab,schiedet,neuen,regeln,greifen,teilweise,ab,1,januar,2020,strommarktverordnung,bestimmungen,strommarktrichtlinie,müssen,mitgliedstaaten,ende,2020,nationales,recht,umgesetzt,kernelement,reform,vorgaben,ausgestaltung,kapazitätsmechanismen,neue,strommarktverord,nung,sieht,kraftwerke,co,2emissionen,mehr,550,gkwh,eingeschränkt,mechanismen,teilnehmen,dürfen,voraussetzung,dafür,pro,jahr,mehr,350,kg,co,2,je,kilowatt,installierte,leistung,emittieren,kohlekraftwerke,daher,voller,auslastung,allgemeinen,kapazitätsmarkt,teilnehmen,wohl,reserve,regelungen,wenige,betriebsstunden,vorsehen,emissionsobergrenzen,gelten,neue,kraftwerke,seit,1,januar,2020,bestandsanlagen,gibt,gangsregelung,mitte,2025,bereits,existierende,kapazitätsverträge,bleiben,grenzwerten,gänzlich,unberührtdeutscher,kohleausstiegsplan,rwe,trägt,großteil,anfangslasten,erhält,26,mrd˜•,entschädigung,deutschland,wichtigsten,erzeugungsmarkt,weichen,vorzeitigen,ausstieg,kohle,verstromung,gestellt,worden,januar,2019,legte,bundesregierung,eingerichtete,kommission,—wachstum,strukturwandel,beschäftigungﬁ,strukturwandelkom,mission,konzept,umsetzung,klimaschutzziele,energiesektor,gremium,vertretern,industrie,gewerkschaften,wissenschaft,verbänden,bürgerinitiativen,umweltorganisationen,plädierte,kohleausstieg,spätestens,2038,darüber,hinaus,schlug,etappenziele,kapazitätsschließungen,sprach,dafür,kraftwerksbetreibern,angemessene,entschädigungsleistungen,gewährt,höhe,kompensationen,könne,u˜a,per,auktion,steinkohle,verhandlungswege,braunkohle,bestimmt,betriebsbedingte,kündigungen,sowie,unangemessene,soziale,ökonomische,nachteile,beschäftigten,seien,möglichkeit,vermeiden,kommission,äußerte,zudem,wunsch,ham,bacher,forst,erhalten,bleibt,empfehlungen,gremiums,bereits,geschäftsbericht,2018,seite,33,ausführlich,informiert,42,vorschläge,strukturwandelkommission,politikern,interessenverbänden,überwiegend,zustimmung,gestoßen,veröffentlichung,bundesregierung,betroffenen,länder,sowie,kraftwerks,tagebaubetreiber,verhandlungen,umsetzung,empfehlungen,braunkohlewirtschaft,aufgenommen,gespräche,mündeten,anfang,2020,konsens,basis,bundeskabinett,29,januar,2020,entwurf,gesetzes,reduzie,rung,beendigung,kohleverstromung,kohleaus,stiegsgesetz,beschlossen,parlamentarische,verfahren,angestoßen,abschluss,verfahrens,bundesregierung,ermächtigt,betreibern,braunkohleanlagen,öffentlich,rechtliche,verträge,schließen,unternehmen,vertrauens,schutz,gewähren,gesetzentwurf,sieht,rwe,großteil,anfangslasten,braunkohleausstiegs,trägt,ende,2022,zusätzliche,erzeugungskapazität,braunkohle,höhe,3,gw,markt,genommen,davon,entfallen,rund,28,gw,gesetzentwurf,geht,rheinischen,braunkohlerevier,bereits,ende,2020,erste,300,mwblock,netz,folgenden,jahr,drei,weitere,300,mwanlagen,abgeschaltet,2022,300mwblock,zwei,600,mw,blöcke,betroffen,kraftwerksstandorte,neurath,niederaußem,sowie,geringem,maße,weisweiler,jahr,2022,außerdem,produktion,braunkohlebriketts,standort,frechen,betrieb,120,mw,stromerzeugungs,kapazität,einstellen,ende,dekade,braunkohle,kapazität,stark,verringern,bereits,jahr,2025,geht,300mwblock,weisweiler,außer,betrieb,beiden,600mwblöcke,standort,folgen,2028,2029,tagebau,inden,kohle,ausschließlich,weisweiler,eingesetzt,läuft,übrigen,beiden,600mwblöcken,ende,2029,stillgelegt,1,januar,2030,vier,jahre,sicherheits,bereitschaft,überführt,ab,2030,drei,modernsten,braunkohleblöcke,1000mwklasse,markt,laufen,voraussichtlich,ende,2038,stilllegungen,erhebliche,konsequenzen,tagebaue,11,mrd,tonnen,braunkohle,mehr,hälfte,abbau,genehmigten,vorräte,mehr,gefördert,außerdem,tragen,wunsch,strukturwandelkommission,politik,rechnung,hambacher,forst,erhalten,bleibt,drei,tagebauen,rheinischen,revier,œ,inden,hambach,garzweiler,œ,ab,2030,letztgenannte,verfügung,stehen,verbleibenden,erzeugungs,anlage,braunkohle,versorgen,macht,grundlegend,neue,planung,tagebaubetriebs,rekultivierung,erforderlich,insbesondere,hambach,dafür,notwendigen,schritte,einvernehmen,nordrhein,westfälischen,landesregierung,einleiten,energiewirtschaftliche,notwendigkeit,tagebaus,garzweiler,kohleausstiegsgesetz,verankert,braunkohleausstieg,hohen,finanziellen,belastungen,verbunden,gesetzentwurf,sieht,dafür,entschädigung,26,mrd˜•,nächsten,15,jahre,ausgezahlt,konzernab,schluss,2019,weisen,gesamtbetrag,vermö,genswert,vorstellungen,bundesregierung,ansprüche,abgegolten,tatsächlicher,schaden,betrag,26,mrd˜•,allerdings,deutlich,übersteigen,erwarteten,belastungen,großen,teil,konzernabschluss,abgebildet,zusätzlichen,betriebskosten,zeitliche,vorver,lagerung,rekultivierung,inkl,zinseffekte,bergbaurückstellungen,2022,mio˜•,zugeführt,wertberichtigungen,braunkohlekraftwerke,tage,baue,belastungen,527,mio˜•,entstanden,außer,347,mio˜•,sozialverträglichen,personal,abbau,zurückgestellt,konzernabschluss,teilweise,berücksichtigt,künftige,ausgaben,betrieb,kraftwerke,tagebaue,geänderten,bedingungen,ermöglichen,sollen,neben,rwe,sollen,betroffenen,beschäftigten,staatliche,kompensationen,erhalten,aktueller,planung,bereits,kurzfristig,mehr,3000,insgesamt,10000,stellen,braunkohlegeschäft,wegfallen,2030,dürften,etwa,6000,gesetzentwurf,sieht,u˜a,regelungen,anpassungs,geld,ausgleich,entstehender,nachteile,gesetzlichen,rente,leistungen,sollen,bund,getragen,ausstieg,steinkohle,enthält,gesetz,entwurf,detaillierte,bestimmungen,vorstellungen,bundesregierung,auktionsverfahren,darüber,entschieden,steinkohlekapazitäten,netz,gehen,hoch,kompensationen,betreiber,gesetzentwurf,sieht,jährliche,ausschrei,bungen,zeitraum,2020,2026,gebote,betreiber,müssen,allerdings,bestimmte,obergrenzen,einhalten,jahre,165,tsd˜•,pro,mw,49,tsd˜•,gesenkt,sollen,zeit,danach,sieht,gesetzentwurf,ordnungsrechtliche,abschaltungen,lagebericht,politische,rahmenbedingungen,43,entschädigungen,sofern,ausschreibungen,gewünschten,umfang,kraftwerksschließungen,führen,sollen,kraftwerksbetreiber,bereits,ab,2024,angewiesen,anlage,abzuschalten,dafür,kompensationen,gewährt,unternehmensver,treter,gewerkschaften,zahlreiche,bundesländer,kritisch,gesetzentwurf,geäußert,nachbes,serungen,gefordert,insbesondere,anlage,kraft,wärme,kopplung,gesetzgebungsverfahren,kohleausstieg,voraussichtlich,jahresmitte,abgeschlossen,darüber,hinaus,grundlage,gesetzes,öffentlich,rechtlichen,vertrag,bund,schlie,ßen,vertrauensschutz,hinblick,getroffe,nen,regelungen,gewährt,eu,kommission,kompensationen,beihilferechtlich,genehmigen,bund,kohleregionen,40,mrd,•,unterstützen,bereits,august,2019,bundeskabinett,entwurf,—strukturstärkungsgesetz,kohleregionenﬁ,beschlossen,bundestag,bundesrat,stellten,beratungen,darüber,zunächst,zurück,vorhaben,gemeinsam,kohleausstiegsgesetz,diskutieren,entwurf,strukturstärkungsgesetz,sieht,bund,braunkohlerevieren,2038,finanz,hilfen,14,mrd˜•,besonders,bedeutsame,investitionen,gewährt,davon,37˜,rheinische,revier,bestimmt,mittel,ländern,beispielsweise,investitionen,wirtschaftsnahe,infra,struktur,öffentlichen,nahverkehr,verwendet,ergänzend,bund,regionen,eigene,maßnahmen,unterstützen,dafür,26,mrd˜•,eingeplant,u˜a,ausbau,schienen,straßenverkehrs,sowie,ansiedlung,forschungseinrichtungen,einge,setzt,sollen,bundesregierung,legt,klimaschutzprogramm,2030,verabschiedet,klimaschutzgesetz,oktober,bundeskabinett,klimaschutzprogramm,2030,beschlossen,gleichzeitig,verabschiedete,entwurf,bundes,klimaschutzgesetz,œ,anpassungen,œ,dezember,bundestag,bundesrat,beschlossen,wurde,klimaschutzprogramm,klimaschutzgesetz,sollen,sicherstellen,nationalen,emissionsminderungsziele,2030,erreicht,klimaschutzgesetz,erstmals,legislativ,verankert,klimaschutzprogramm,2030,beschreibt,instrumente,maßnahmen,denen,ziele,erreicht,sollen,geplant,u˜a,einführung,co,2,bepreisung,sektoren,europäischen,emissionshandel,erfasst,z˜b,verkehr,wärme,ab,2021,zunächst,nationaler,ebene,gesche,hen,perspektivisch,bundesregierung,einführung,europaweiten,sektorübergreifenden,emissionshandels,moderaten,mindestpreis,einsetzen,mehrausgaben,verbraucher,co,2bepreisung,kraft,brennstoffen,sollen,entlas,tungen,stelle,gegenüberstehen,z˜b,bereits,beschlossene,anhebung,pendlerpauschale,ab,2021,klimaschutzprogramm,beinhaltet,vielzahl,maßnahmen,sektoren,gebäude,verkehr,land,forstwirtschaft,industrie,energiewirtschaft,vorgesehen,u˜a,beschleunigter,ausbau,offshore,windkraft,statt,bisher,15,gw,strebt,bundesregierung,gesamtkapazität,20,gw,2030,kommunen,denen,windkraftanlagen,gebaut,sollen,künftig,zusätzliche,finanzielle,vorteile,erhalten,geplant,abschaffung,förderdeckels,neue,photovoltaik,anlage,bisherigen,regelung,erhalten,einspeisevergütung,mehr,sobald,deutschland,solar,kapazität,52,gw,erreicht,niederlande,2030,kohleverstromung,aussteigen,niederländische,parlament,senat,2019,gesetz,beschlossen,ausstieg,landes,kohleverstromung,kommenden,dekade,vorsieht,kraftwerke,1990er,jahren,dürfen,spätestens,ab,2025,kohle,mehr,nutzen,anlage,jüngeren,baudatums,gilt,verbot,ab,2030,ausgleichs,zahlungen,betroffenen,energieversorger,gesetz,vorgesehen,derzeit,niederlan,fünf,steinkohlekraftwerke,betrieben,zwei,davon,gehören,amer,9,631,mw,nettoleistung,eemshaven,1554,mw,laut,gesetz,müssen,anlage,ende,2024,bzw,ende,2029,kohleverstromung,einstellen,allenfalls,brennstoffen,weiterbetrieben,ersten,umrüst,maßnahmen,beiden,kraftwerken,beifeuerung,biomasse,begonnen,dafür,erhalten,fördermittel,denen,investitionsausgaben,mehraufwand,brennstoffbeschaffung,finanzie,ren,umrüstung,100,prozentige,biomassenutzung,wäre,erheblichen,mehrbelastungen,verbunden,allerdings,lehnt,regierung,ab,zusätzliche,förder,mittel,bereitzustellen,wegen,fehlenden,kompensationen,sehen,niederländischen,kohleausstieg,eigentumsrechte,verletzt,deshalb,erwägen,rechts,mittel,dagegen,einzulegen,44,15,wesentliche,ereignisse,zurückliegende,geschäftsjahr,—neuenﬁ,rwe,entscheidend,vorangebracht,mitte,september,gab,eu,grünes,licht,tauschgeschäft,eon,kurz,darauf,konnte,transaktion,bereits,großen,teilen,umgesetzt,highlight,2019,zählten,erfolg,bieterverfahren,staatliche,förderung,britische,offshorewindkraftprojekt,sofia,erneute,genehmigung,britischen,kapazitätsmarktes,eukommission,folgenden,stellen,wesentliche,ereignisse,dar,2019,anfang,2020,eingetreten,dabei,konzentrieren,vorgänge,bereits,stelle,lagebericht,ausführlich,erläutert,ereignisse,berichtsjahr,tauschgeschäft,eon,großen,teil,umgesetzt,rwe,gibt,innogybeteiligung,ab,erhält,erneuerbare,energien,geschäft,september,2019,rwe,eon,wesentliche,teile,märz,2018,vereinbarten,tauschgeschäfts,abgeschlossen,voraussetzung,dafür,finale,freigabe,transaktion,eu,kommission,17,september,erteilt,wurde,eon,übernahm,folgenden,tag,768˜,beteiligung,innogy,führte,unmittelbar,danach,kapitalerhöhung,sacheinlagen,rund,440,mio,neu,geschaffenen,aktien,wurden,rwe,ausgegeben,dadurch,zunächst,167˜,eon,beteiligt,anteil,ende,septemberanfang,oktober,aktienverkäufe,150˜,reduziert,ablauf,30,september,eon,außerdem,erneuerbare,energien,geschäft,minderheitsanteile,tochter,preussenelektra,rwekernkraftwerken,gundremmingen,25˜,emsland,125˜,überlassen,ebenfalls,ende,september,leisteten,finanziellen,ausgleich,eon,höhe,15,mrd˜•,vollständigen,abschluss,transaktion,eon,teile,innogyportfolios,zurückgeben,bereits,wirtschaftlich,zurechnen,konzernzahlen,erfassen,dabei,handelt,erneuerbare,energien,geschäft,deutschen,tschechischen,gasspeicher,sowie,379˜,beteili,gung,österreichischen,energieversorger,kelag,transfer,frühestmöglich,laufenden,jahr,stattfinden,rahmen,tauschgeschäfts,vereinbart,worden,rwe,innogy,mehrheitsbeteiligung,tschechi,schen,gasnetzbetreiber,innogy,grid,holding,igh,erwirbt,später,eon,weitergibt,5004˜,paket,februar,2019,übernommen,allerdings,miteigentümer,igh,infrastrukturinvestor,macquarie,geführte,konsortium,mira,vorkaufsrecht,geltend,gemacht,dementsprechend,gaben,ighanteile,mira,eon,veräußerung,wurde,30,september,abgeschlossen,preis,betrug,rund,18,mrd˜•,entsprach,konditionen,denen,beteiligung,innogy,erworben,igh,transaktion,finanzieller,hinsicht,neutral,ebenfalls,zuge,tauschgeschäfts,rwe,august,2019,49˜,anteil,innogy,slowakischen,energieversorger,vse,sitz,koıice,übernommen,beteiligung,eon,weitergeben,gleichen,konditionen,geschehen,denen,anteil,erworben,eon,entrichtende,kaufpreis,bereits,september,abwicklung,zahlungs,ansprüche,tauschgeschäft,berücksichtigt,worden,vse,anteil,weiterhin,konzernzahlen,bezogen,weisen,—nicht,fortgeführte,aktivitätﬁ,ausbei,abwicklung,finanziellen,forderungen,verbindlichkeiten,tauschgeschäft,darlehen,berücksichtigt,worden,innogy,vorfeld,börsengangs,oktober,2016,gewährt,belief,700,mio˜•,wäre,oktober,2020,fällig,geworden,verrechnung,zahlungs,ansprüchen,eon,tilgungsbetrag,zuzüglich,aufgelaufener,zinsen,vorzeitig,erstattet,tauschgeschäft,eon,erheblichen,einfluss,finanz,vermögens,ertragslage,abgelaufe,nen,geschäftsjahr,seite,˜51˜ff,darstellen,übernahme,erneuerbare,energien,geschäfts,eon,veränderte,zudem,struktur,unserer,finanz,berichterstattung,näheres,finden,seite,49˜f,lagebericht,wesentliche,ereignisse,45,eukommission,gibt,grünes,licht,wiederaufnahme,britischen,kapazitätsmarktes,oktober,2019,europäische,kommission,britischen,kapazitäts,markt,eingehender,prüfung,erneut,genehmigt,schuf,voraussetzung,dafür,prämienzahlun,gen,längerer,pause,aufgenommen,verschobene,kapazitätsauktionen,nachgeholt,konnten,kommission,auffassung,kapazitäts,markt,regelungen,einklang,eu,beihilfe,vorschriften,stehen,ergebnis,bereits,juli,2014,gelangt,damalige,prüfung,auffassung,gerichts,europäischen,union,umfassend,genug,richter,erklärten,erste,genehmigung,daher,november,2018,unwirksam,britische,kapazitätsmarkt,trat,danach,stillhalte,phase,teilnehmenden,stromerzeugern,prämien,mehr,gezahlt,wurden,rwe,dadurch,vertrag,lich,zugesicherte,kapazitätsvergütungen,rund,50,mio˜•,2018,rund,180,mio˜•,2019,zunächst,gewährt,worden,beträge,januar,2020,nachträglich,ausgezahlt,worden,ergebniswirksam,erfasst,bereits,geschäftsjahr,2019,mitte,2019,stillhaltephase,britische,netzbetreiber,national,grid,kapazitätsauktion,durchgeführt,vorhaltezeitraum,1,oktober,2019,30,september,2020,bezog,dabei,konnten,kraftwerke,gesamtleistung,36,gw,kapazitätszahlung,qualifizieren,077˜£kw,gering,gleichen,vorhaltezeitraum,bereits,ende,2015,auktion,gegeben,anlage,insgesamt,464,gw,œ,darunter,80,gw,rwe,œ,zuge,kamen,erhalten,prämie,18˜£kw,zweite,auktion,diente,verbliebene,kapazitätslücken,schließen,rwe,nahmen,zwei,kleinanlagen,bieter,verfahren,teil,jedoch,vergütung,erhalten,großprojekt,britischen,nordsee,innogy,sichert,förderung,windpark,sofia,wachstums,perspektiven,gebiet,offshore,windkraft,2019,verbessert,auktionsverfahren,september,konnte,innogy,staatliche,förderung,projekt,sofia,sichern,rahmen,vorhabens,sollen,britischen,nordsee,windkraftanlagen,gesamtleistung,14,gw,entstehen,investitions,volumen,3,mrd˜£,veranschlagt,inkl,netzanschluss,stromerzeugung,windparks,garantiert,staat,vergütung,3965˜£mwh,zuzüglich,inflation,aufschlägen,förderdauer,beträgt,15,jahre,standort,sofia,knapp,200,kilometer,englischen,küste,gebiet,dogger,bank,zeichnet,gute,windbedingungen,moderate,wassertiefen,windpark,liegen,bereits,erforderlichen,genehmigungen,finale,investitionsentscheidung,2020,getroffen,aktueller,planung,könnten,20242025,ersten,turbinen,betrieb,aufnehmen,jahr,2026,wäre,windpark,voller,kapazität,netz,großbritannien,erneuerbaren,energien,seit,april,2015,—contract,for,differenceﬁ,cfd,bezeichneten,mechanismus,gefördert,liegt,preis,anlagenbetreiber,großhandelsmarkt,erzielen,garantierten,vergütung,differenz,erstattet,liegt,darüber,müssen,betreiber,zahlungen,leisten,auswahl,fördernden,projekte,folgendermaßen,vorgegangen,bestimmte,erzeugungstechnologie,vorgesehene,fördertopf,groß,genug,erhalten,bewerber,cfd,vertrag,klein,bieterverfahren,entschieden,wer,zuge,kommt,auktion,september,2019,dritte,seit,einführung,cfd,fördersystems,großbritannien,einstieg,polnische,offshorewindkraftgeschäft,künftig,polnische,offshore,windparks,investieren,tochtergesellschaft,rwe,renewables,international,mehreren,privateigentümern,entwicklern,projekt,pipeline,gesamtkapazität,mehr,15,gw,erworben,insgesamt,vier,sollen,sandbank,s˚upsk,ostsee,realisiert,polen,betreiben,bereits,mehrere,windparks,festland,braunkohleblock,neurath,c,sicherheitsbereitschaft,überführt,ende,september,300,mw,block,c,braunkohlekraftwerks,neurath,netz,genommen,gesetzliche,sicherheitsbereitschaft,überführt,klimaschutzgründe,gaben,ausschlag,dafür,strommarktgesetz,deutsche,energie,wirtschaft,verpflichtet,zeit,2016,2019,acht,braunkohleblöcke,gesamtleistung,27,gw,vorzeitig,markt,nehmen,end,gültigen,stilllegung,stehen,anlage,jeweils,vier,jahre,letzte,absicherung,stromver,sorgung,bereit,rwe,nimmt,fünf,300,mw,blöcken,braunkohle,sicherheitsbereitschaft,teil,ende,septem,ber,2017,bereits,anlage,frimmersdorf,p,q,abgeschaltet,jahr,später,folgten,niederaußem,e,f,46,entscheidung,hambacher,forst,verwaltungsgericht,köln,weist,klage,bund,zurück,verwaltungs,gericht,köln,12,märz,2019,entschieden,beim,hambacher,forst,potenzielles,schutz,gebiet,europäischen,fauna,flora,habitat,richt,linie,handelt,klage,bundes,umwelt,naturschutz,deutschland,e˜v,bund,abgewiesen,worden,ansicht,richter,zulassung,hauptbetriebsplans,2018œ2020,tagebau,ham,bach,bezirksregierung,arnsberg,rechtmäßig,plan,sieht,u˜a,rodung,hambacher,forstes,zulässigkeit,müsste,allerdings,oberver,waltungsgericht,münster,bestätigt,oktober,2018,vorläufigen,rodungsstopp,verhängt,inzwischen,zeichnet,ab,hambacher,forst,erhalten,bleibt,seite,42˜ff,dargelegt,bundesregierung,beschleunigten,ausstieg,braunkohleverstromung,vorzeitige,beendigung,tagebaus,hambach,verständigt,rwe,steigt,steinkohleverstromung,bergkamen,werne,aberthaw,vergangenen,jahr,reihe,steinkohleaktivitäten,beendet,zunächst,veräußerten,51˜,anteil,kraftwerk,berg,kamen,essener,energieversorger,steag,zuvor,bereits,49˜,anlage,beteiligt,vertraglichen,kaufrecht,gebrauch,gemacht,transaktion,wurde,1,januar,2019,wirksam,steinkohlekraftwerk,bergkamen,seit,1981,betrieb,verfügt,erzeugungsleistung,720,mw,rwe,kaufmännische,verwaltung,zuständig,steag,technische,betriebsführung,verantwortete,anteilsverkauf,endete,vertrag,bezug,stroms,anlage,ver,pflichtete,ende,märz,2019,steinkohle,befeuerten,teil,kombiblock,k,gersteinwerks,werne,west,falen,stillgelegt,anlass,dafür,anstehende,revision,mehr,gelohnt,hätte,block,k,besteht,vorschaltgasturbine,k1,nettoleistung,112,mw,zweiten,œ,stillgelegten,œ,turbine,k2,dampf,verbrennung,steinkohle,betrieben,wurde,620,mw,verfügte,gersteinwerk,produziert,weiterhin,strom,allerdings,ausschließlich,erdgas,aktuell,nutzbare,kapazität,beträgt,965,mw,juli,2019,beschlossen,steinkohlekraft,werk,aberthaw,b,wale,1560,mw,nettoleistung,vorzeitig,stillzulegen,anlage,dezember,netz,gegangen,ende,september,2021,bestehen,verpflichtungen,rahmen,britischen,kapazitäts,marktes,wurden,dritte,œ,geringerem,umfang,œ,einheiten,rwe,kraftwerksflotte,übertragen,aberthaw,b,wurde,1971,betrieb,genommen,somit,fast,halbes,jahrhundert,sicheren,energie,versorgung,vereinigten,königreich,beigetragen,schließung,endet,kohleverstromung,rwe,großbritannien,rwe,trennt,belgischem,heizkraftwerk,ende,februar,2019,belgische,heizkraftwerk,inesco,britischen,chemiekonzern,ineos,veräußert,anlage,befindet,gelände,ineos,betriebenen,chemieparks,antwerpen,gas,befeuert,verfügt,elektrische,nettoleistung,133,mw,neben,strom,liefert,dampf,demine,ralisiertes,wasser,chemiepark,ansässigen,nehmen,grund,verkaufsentscheidung,enge,einbindung,kraftwerks,geschäfts,aktivitäten,ineos,bund,übernimmt,rwe,standortzwischenlager,hochradioaktive,abfälle,1,januar,2019,zwischenlager,hochradioaktive,abfälle,standorten,kernkraftwerke,emsland,biblis,gund,remmingen,bundeseigene,gesellschaft,lagerung,bgz,übertragen,worden,jahr,später,1,januar,2020,übernahm,bgz,zwei,lager,schwach,mittelradioaktive,abfälle,biblis,rechtliche,grundlage,dafür,ende,2016,verabschie,dete,gesetz,neuordnung,verantwortung,kern,technischen,entsorgung,staat,zuständig,keit,abwicklung,finanzierung,endlagerung,radioaktiver,abfälle,übernommen,gegenzug,deutschen,kernkraftwerksbetreiber,bund,jahr,2017,mittel,höhe,241,mrd˜•,überwiesen,denen,öffentlich,rechtlicher,—fonds,finanzierung,kerntechnischen,entsorgungﬁ,dotiert,worden,verantwortung,stilllegung,sicheren,rückbau,kraftwerke,liegt,weiterhin,unternehmen,ebenso,obliegt,radioaktiven,abfälle,fachgerecht,verpacken,bevor,bgz,übergeben,lagebericht,wesentliche,ereignisse,47,ereignisse,ablauf,berichtsjahres,bundeskabinett,legt,entwurf,kohleausstiegsgesetz,ende,januar,2020,bundeskabinett,entwurf,gesetz,reduzierung,beendigung,kohleverstromung,verabschiedet,darin,konkretisiert,regierung,empfehlungen,kommission,—wachstum,strukturwandel,beschäftigungﬁ,deutschen,kohleausstieg,umsetzen,kommission,vorgeschlagen,deutschland,schrittweise,2038,kohleverstromung,aussteigen,gesetzentwurf,enthält,konkreten,fahrplan,braunkohle,gibt,festen,abschaltpfad,einzelnen,kraftwerke,bund,betroffenen,ländern,energieunternehmen,vorfeld,geeinigt,frühzeitigen,schließungen,kraftwerken,tagebauen,rheinischen,revier,sollen,entschädigungen,26,mrd˜•,erhalten,tatsächlichen,finanziellen,belastungen,wesentlich,höher,ausfallen,steinkohlekraftwerke,sieht,gesetz,entwurf,ausschreibungen,denen,betreiber,entschädigungen,frühzeitige,schließungen,anlage,bewerben,ausführliche,informationen,thema,finden,seite,42˜ff,rwe,erwirbt,hochmodernes,gaskraftwerk,osten,england,großbritannien,position,führenden,gasverstromer,ausgebaut,mitte,februar,2020,erwarben,britischen,energieversor,ger,centrica,101,mio˜£,gaskraftwerk,king™s,lynn,norfolk,ostengland,anlage,verfügt,netto,leistung,382,mw,zeichnet,hohen,wirkungsgrad,57˜,fahrweise,flexibel,strombedarf,angepasst,kapazitätsmarkt,vertrag,sichert,king™s,lynn,fixe,prämienzahlungen,zeitraum,oktober,2020,september,2035,erst,kurzem,kraftwerk,umfassend,modernisiert,dabei,u˜a,neuen,gasturbine,ausgestattet,worden,britische,kapazitätsmarktauktion,20222023,rwe,sichert,prämie,65,gw,erzeugungsleistung,anfang,2020,mehrere,auktionen,britischen,kapazitätsmarkt,stattgefunden,erste,bieterverfahren,ende,januar,bezog,vorhaltezeitraum,1,oktober,2022,30,september,2023,ausnahme,kleinanlagen,auktion,vertretenen,rwe,kraftwerke,prämienzahlung,qualifiziert,zusammen,verfügen,gesicherte,leistung,65,gw,bieterverfahren,ermittelte,kapazitätsprämie,lag,644˜£kw,inflationsanpas,sung,allerdings,markterwartungen,anfang,februar,wurde,zweite,auktion,abgehalten,vorhaltezeitraum,1,oktober,2020,30,september,2021,betraf,periode,bereits,dezem,ber,2016,bieterverfahren,gegeben,rweanlagen,insgesamt,80,gw,inkl,aberthaw,prämie,2250˜£kw,qualifizieren,konnten,neuerlichen,auktion,wurden,10,gw,zusätzliche,erzeu,gungsleistung,prämie,100˜£kw,ersteigert,rwe,kleinanlage,verfahren,beteiligt,allerdings,zuge,kam,britische,regierung,anfang,märz,2020,weitere,auktion,angesetzt,zeitraum,1,oktober,2023,30,september,2024,benötigten,erzeugungskapazitäten,sichern,ergebnisse,lagen,aufstellung,lageberichts,48,16,anmerkungen,berichtsweise,tauschgeschäft,eon,september,2019,großen,teilen,umgesetzt,beeinflusste,finanzkennzahlen,art,finanzberichterstattung,eon,übergegangene,erneuerbareenergiengeschäft,neues,segment,konzernabschluss,einbezogen,somit,basiert,darstellung,geschäftsverlaufs,2019,konzernstruktur,fünf,segmenten,kapitel,ausführlich,beschreiben,auswirkungen,tauschgeschäfts,eon,finanzberichterstattung,tauschgeschäft,eon,konnten,september,2019,bereits,großen,teil,umsetzen,seite,45,informieren,ausführlich,darüber,folgenden,stellen,dar,transaktion,finanzberichterstattung,abgelaufene,geschäfts,jahr,berücksichtigt,ł,netz,vertriebsgeschäft,innogy,dauer,haft,eon,verbleibt,mira,konsortium,veräußerte,5004˜,beteiligung,tschechischen,gas,netzbetreiber,igh,18,bzw,30,september,ent,konsolidiert,worden,gewinn,verlust,rechnung,fortgeführte,aktivitäten,bilanz,veräußerung,bestimmte,vermögenswerte,schulden,erfasst,weiterhin,zahlen,enthalten,49˜,beteiligung,slowakischen,energie,versorger,vse,eon,abgeben,ł,fortgeführten,innogy,aktivitäten,œ,umfassen,erneuerbare,energien,geschäft,deutschen,tschechischen,gasspeicher,sowie,379˜,beteiligung,österreichischen,energieversorger,kelag,œ,gehören,rechtlich,vorübergehend,eon,bleiben,finanz,berichterstattung,zugeordnet,tragen,weiterhin,ergebnis,cash,flow,verschuldung,rwe,2020,eon,übernehmen,sobald,formalen,voraussetzungen,dafür,geschaffen,ł,erneuerbare,energien,geschäft,ende,sep,tember,eon,erhalten,stellen,neu,gebil,deten,segment,—übernommene,eon,aktivitätenﬁ,dar,abweichend,zeitpunkt,rechtlichen,übertragung,berücksichtigen,bereits,seit,18,september,2019,konzernzahlen,anteile,kern,kraftwerken,gundremmingen,emsland,eon,tochter,preussenelektra,überlassen,erfassen,wirkung,30,september,2019,segment,braunkohle˜˜kern,energie,geschäftsjahr,2019,konzernstruktur,fünf,segmenten,finanzberichterstattung,2019,untergliedern,rwekonzern,fünf,segmente,folgenden,bezeichnungen,1,braunkohle˜˜kernenergie,2,europäische,stromerzeugung,3,energiehandel,4,fortgeführte,innogyaktivitäten,5,übernommene,eon,aktivitäten,einzelnen,segmente,setzen,folgt,zusammen,ł,braunkohle˜˜kernenergie,erfassen,deut,sche,stromerzeugung,braunkohle,kernenergie,sowie,braunkohleförderung,rheinland,operative,verantwortung,aktivitäten,liegt,rwe,power,—braunkohle˜˜kernenergieﬁ,berücksich,tigen,ferner,anteile,niederländischen,kernkraft,werksbetreiber,epz,30˜,deutschen,uranit,50˜,33˜,uran,anreicherung,spezialisierten,urenco,beteiligt,ł,europäische,stromerzeugung,segment,umfasst,stromerzeugung,gas,steinkohle,biomasse,deren,regionaler,fokus,deutschland,großbritannien,benelux,liegt,ebenfalls,darin,enthalten,70˜beteiligung,türkischen,gaskraftwerk,denizli,wasserkraftwerke,deutschland,luxemburg,sowie,projektmanagement,ingenieurdienst,leistungen,spezialisierte,rwe,technology,international,all,aktivitäten,rwe,generation,gesteuert,ł,energiehandel,stellen,geschäft,rwe,supply˜˜trading,dar,deren,geschäftsaktivitäten,seite,30˜f,dargestellt,gesellschaft,eigenhandel,commodity,spezialisiert,fungiert,zwischenhändler,gas,beliefert,großkunden,energie,außerdem,übernimmt,vermarktung,stroms,unserer,erzeugungsgesellschaften,kom,merzielle,optimierung,kraftwerkseinsatzes,letztgenannten,aktivitäten,erzielten,ergebnisbeiträge,allerdings,segmenten,braunkohle˜˜kern,energie,europäische,stromerzeugung,ausgewiesen,lagebericht,anmerkungen,berichtsweise,49,ł,fortgeführte,innogy,aktivitäten,hauptbestandteil,segment,erneuerbare,energien,geschäft,innogy,unternehmen,gehört,führenden,strom,erzeugern,regenerativen,quellen,regionalem,fokus,europa,deutschland,groß,britannien,sowie,startpositionen,nordamerika,australien,energiequellen,liegt,schwerpunkt,windkraft,gefolgt,wasserkraft,photovoltaik,fortgeführten,innogy,aktivitäten,zählen,ferner,deutschen,tschechischen,gasspeicher,sowie,379˜beteiligung,österreichischen,energieversorger,kelag,ł,übernommene,eon,aktivitäten,stellen,ge,schäft,erneuerbaren,energien,dar,eon,erhalten,regional,nordamerika,europa,konzentriert,abstand,wichtigster,energie,träger,windkraft,hinzu,kommen,kleinere,aktivitäten,gebiet,photovoltaik,energiespeicherung,übernahme,september,2019,geschäft,dach,2018,gegründeten,rwe,renewables,gmbh,gebündelt,konzerngesellschaften,segmentübergreifenden,aufgaben,holding,rwe,ag,weisen,—sonstige,konsolidierungﬁ,position,enthält,251˜anteil,deutschen,übertragungsnetzbetreiber,amprion,außerdem,konsolidierungseffekte,darin,erfasst,erstanwendung,ifrs,16,höhere,nettoschulden,höhere,abschreibungen,berichterstattung,geschäftsjahr,2019,wenden,erstmals,neuen,rechnungslegungsstandard,ifrs,16,—leasingverhältnisseﬁ,demnach,leasingverhältnisse,grundsätzlich,bilanz,erfassen,sei,kurzfristig,zwölf,monate,beziehen,geringwertige,güter,leasingnehmer,geleasten,vermögenswerte,nutzungsrecht,aktivieren,entsprechende,verbindlichkeit,höhe,barwertes,künftigen,leasingzahlungen,passivieren,nähere,erläuterungen,finden,seite,115,anhang,geänderte,vorgehensweise,führt,anstieg,bilanzsumme,nettoschulden,gewinn,verlustrechnung,erhöhen,abschreibungen,verschlechtert,finanzergebnis,effekten,stehen,etwa,gleich,große,entlastungen,beim,bereinigten,ebitda,gegenüber,soda,nettoergebnis,nahezu,unbeeinflusst,bleibt,vorjahreszahlen,angepasst,worden,zukunftsbezogene,aussagen,vorliegende,geschäfts,bericht,enthält,aussagen,künftige,entwick,lung,rwe,konzerns,gesellschaften,sowie,wirtschaftlichen,politischen,rahmenbedingungen,beziehen,aussagen,stellen,einschätzungen,dar,basis,informationen,getroffen,zeitpunkt,erstellung,dokuments,verfügung,standen,sollten,zugrunde,gelegten,annah,men,zutreffen,unvorhergesehene,risiken,eintreten,tatsächlichen,erwarteten,entwicklungen,abweichen,aussagen,daher,gewähr,übernehmen,verweise,inhalte,internetseiten,publikationen,lagebericht,verweisen,teil,lage,berichts,dienen,lediglich,weiteren,information,davon,ausgenommen,erklärung,unternehmens,führung,§§˜289˜f,315d,hgb50,17,geschäftsentwicklung,geschäft,entwickelte,2019,erfolgreich,gewinnprognose,jahresverlauf,deutlich,oben,korrigieren,konnten,schlossen,jahr,bereinigten,ebitda,25,mrd˜•,œ,weit,vorjahresniveau,lag,unserer,außergewöhnlich,guten,performance,energiehandel,außerdem,profitierten,übernahme,erneuerbareenergiengeschäfts,eon,wiederaufnahme,kapazitätsvergütungen,britischen,kraftwerke,stark,verbessert,ertragslage,emissionsbilanz,rwe,co,2ausstoß,gegenüber,2018,viertel,gesunken,stromerzeugung,13˜,vorjahr,rwekonzern,abgelaufenen,geschäftsjahr,1532,mrd,kwh,strom,erzeugt,davon,entfielen,33˜,energieträger,gas,32˜,braunkohle,9˜,steinkohle,14˜,kern,energie,11˜,regenerative,quellen,strom,produktion,13˜,geringer,vorjahr,deutlichsten,rückgang,verzeichneten,braunkohlekraftwerken,œ˜189,mrd,kwh,rolle,spielte,dabei,anlage,markt,revisionsbedingt,weniger,netz,vorläufige,rodungsstopp,hambacher,forst,braunkohleförderung,beein,trächtigte,hinzu,kam,ende,september,2018,blöcke,niederaußem,e,f,295,bzw,299,mw,jahr,später,block,neurath,c,292,mw,außer,betrieb,genommen,gesetzliche,sicherheitsbereitschaft,überführt,außerdem,lieferte,ungarische,strom,produzent,mátra,beitrag,unserer,erzeugung,mehr,51˜,beteiligung,unternehmen,2018,verkauft,stromproduktion,steinkohle,ebenfalls,stark,gesunken,œ˜132,mrd,kwh,kamen,ungünstige,markt,verhältnisse,revisionsbedingte,kraftwerksstillstände,tragen,weitere,mengeneinbußen,ergaben,dadurch,mehrheitsbeteiligung,kraftwerk,bergkamen,veräußert,kohleverstromung,gersteinwerk,werne,eingestellt,siehe,seite,47,kernenergie,œ˜06,mrd,kwh,führten,betriebsunterbrechungen,revisionsarbeiten,rückgang,produktion,gestiegen,dagegen,stromerzeugung,unserer,gaskraftwerke,˜36,mrd,kwh,günstigeren,marktbedingungen,profitierten,erneuerbaren,energien,verzeichneten,deutlicheres,plus,˜65,mrd,kwh,großen,teil,september,2019,übernommenen,eon,aktivitäten,zuzuordnen,gut,drei,monaten,zugehörigkeit,rwekonzern,45,mrd,kwh,stromerzeugung,beigetragen,hinzu,kam,niederländi,schen,steinkohlekraftwerken,amer,9,eemshaven,beifeuerung,biomasse,begonnen,innogy,schlug,inbetriebnahme,neuer,windkraftanlagen,positiv,nieder,zugleich,führten,günstige,wetterbedingun,gen,verbesserten,auslastung,bestehender,kapazitäten,strom,produzieren,beziehen,anbietern,außerhalb,konzerns,berichtsjahr,beliefen,bezüge,464,mrd,kwh,vorjahr,490,mrd,kwh,eigenerzeugung,fremdstrom,bezug,ergeben,zusammen,stromaufkommen,1996,mrd,kwh,vorjahr,2250,mrd,kwh,prognoseistvergleich,mio˜•,2018,ursprüngliche,angepasste,2019,angepasste,prognose,eingetreten,prognose,2019,1prognose,2019,1bereinigtes,ebitda,15381400˜œ˜17002200˜œ˜25002489braunkohle˜˜kernenergie,356300˜œ˜400300˜œ˜400374europäische,stromerzeugung,334250˜œ˜350450˜œ˜550453energiehandel,183100˜œ˜300deutlich,300,702fortgeführte,innogy,aktivitäten,699800˜œ˜900800˜œ˜900833übernommene,eon,aktivitäten,œœ200˜œ˜3002531,erste,prognose,2019,14,märz,2019,geschäftsbericht,2018,seite,83˜f,veröffentlicht,danach,ausblick,zweimal,aktualisiert,worden,tabellenspalte,—angepasste,prognose,2019ﬁ,gibt,stand,letzten,anpassung,14,november,2019,zwischenmitteilung,ersten,drei,quartale,2019,seite,16,veröffentlicht,ergebnisentwicklung,2019,prognostiziert,erreicht,lagebericht,geschäftsentwicklung,51,anstieg,erzeugungsleistung,tausch,geschäft,eon,ende,2019,verfügten,strom,erzeugungsanlagen,gesamtleistung,429,gw,nehmen,europa,führende,marktposition,kapazitätszahl,berücksichtigt,kraftwerke,wirtschaftlichen,gründen,vorüber,gehend,netz,genommen,wurden,fünf,sicherheitsbereitschaft,überführten,braunkohleblöcke,laufe,vergangenen,jahres,erzeugungs,kapazität,19,gw,erhöht,zuzuordnen,erneuerbaren,energien,ende,2019,installierte,leistung,92,gw,kamen,zahl,ifrskonsolidierungsgrundsätzen,ermittelt,worden,weicht,deshalb,angabe,seite,28,ab,liegt,53,gw,vorjahreswert,erster,linie,übernahme,erneuerbare,energien,geschäfts,eon,zurückzuführen,hinzu,kommt,niederländi,schen,steinkohlekraftwerke,amer,9,eemshaven,mitverbrennung,biomasse,umgerüstet,neue,windkraftanlagen,betrieb,gegangen,deutlichen,kapazitätsrückgang,verzeichneten,dagegen,steinkohle,32,gw,weggefallen,ausschlag,gebend,dafür,stilllegung,aberthaw,b,wale,teilen,gersteinwerks,sowie,verkauf,unserer,51˜beteiligung,kraftwerk,bergkamen,siehe,seite,47,erwähnte,umrüstung,amer,9,eemshaven,biomassenutzung,minderte,ausgewiesenen,steinkohlekapazitäten,bezogen,erzeugungskapazität,gas,wichtigster,energieträger,anteil,belief,ende,2019,33˜,dahinter,folgen,braunkohle,24˜,erneuerbaren,energien,21˜,lässt,fünf,sicherheitsbereitschaft,überführten,braunkohleblöcke,außer,betracht,liegen,regenerativen,stromquellen,wind,wasser,biomasse,photovoltaik,schon,platz,2,rwekonzern,detaillierte,übersicht,erzeugungskapazität,basis,erneuerbarer,energien,finden,folgenden,seite,regionaler,schwerpunkt,erzeugungsgeschäfts,deutschland,befinden,55˜,unserer,installierten,leistung,groß,britannien,niederlande,nehmen,21,bzw,12˜,nächsten,plätze,übernah,me,erneuerbare,energien,geschäfts,eon,usa,viertwichtigster,erzeugungsstandort,geworden,fast,hälfte,unserer,onshore,windkraft,anlage,befinden,vereinigten,staaten,zugleich,größter,einzelmarkt,erneuerbaren,energien,1,inkl,kapazitäten,genannten,energieträgern,zuzuordnen,z˜b,ölkraftwerke,2,inkl,strombezüge,erzeugungsanlagen,rweeigentum,befinden,aufgrund,langfristiger,nutzungsverträge,verfügen,2019,36,mrd,kwh,bezogen,worden,vorjahr,50,mrd,kwh,davon,15,mrd,kwh,steinkohlekraftwerken,vorjahr,23,mrd,kwh,stromerzeugung,erneuerbare,energien,pump,speicher,batterien,gasbraunkohle,steinkohle,kernenergie,gesamt,1in,mrd,kwh,20192018201920182019201820192018201920182019201820192018braunkohle˜˜kernenergie,œœœœ02œ483672œœ212218701892europäische,stromerzeugung,22111821506472œœ142274œœ689780davon,deutschland2020718217855œœ47130œœ146215großbritannien,0404œœ335332œœ0705œœ346341niederlandebelgien,16œœœ6655œœ88139œœ170194türkei,œœœœ2730œœœœœœ2730fortgeführte,innogyaktivitäten,9788œœœœœœœœœœ9788übernommene,eon,aktivitäten,45œœœœœœœœœœœ45œrwekonzern,1649918215084724836721422742122181532176052,deutlicher,rückgang,co,2emissionen,vergange,nen,jahr,emittierten,kraftwerke,881,mio,tonnen,kohlendioxid,299,mio,tonnen,bzw,25˜,weniger,2018,ausschlaggebend,dafür,wesentlich,weniger,braunkohle,steinkohle,verstromt,verrin,gert,absoluten,spezifischen,emissionen,d˜h,co,2ausstoß,je,erzeugte,megawattstunde,strom,067,058,tonnen,gesunken,fast,emissionsrechte,benötigen,kaufen,markt,seit,beginn,dritten,emissionshandels,periode,1,januar,2013,teilen,staaten,westeuropas,energieversorgern,co,2zertifikate,ausnahmefällen,kostenfrei,emissionen,euländern,871,mio,tonnen,konnten,berichtsjahr,11,mio,tonnen,staatlichen,zuteilungen,abdecken,1,inkl,kapazitäten,genannten,energieträgern,zuzuordnen,z˜b,ölkraftwerke,2,inkl,kapazitäten,rwe,eigentum,befinden,aufgrund,langfristiger,nutzungsverträge,verfügen,anlage,kamen,ende,2019,œ,vorjahr,œ,nettoleistung,2986,mw,davon,entfielen,783,mw,steinkohlekraftwerke,3,inkl,geringer,kapazitäten,rwe,supply˜˜trading,stromerzeugungskapazität,stand,31122019,mw,erneuerbare,energien,pumpspeicher,batterien,gasbraun,kohle,stein,kohle,kern,energie,gesamt,1gesamt,1,31122018braunkohle˜˜kernenergie,7œ40010255œ27701345913459europäische,stromerzeugung,670233613553œ3977œ2087923906davon,deutschland25523363767œ2341œ85389872großbritannien,55œ6676œœœ70358595niederlandebelgien,560œ2323œ1636œ45194652türkei,œœ787œœœ787787fortgeführte,innogyaktivitäten,3639œœœœœ36393571übernommene,eon,aktivitäten,486420œœœœ4884œrwekonzern,918023583139531025539772770428633409373erzeugungskapazität,basis,erneuerbarer,energien,stand,31122019,mw,wind,offshore,wind,onshore,solarwasser,biomassegesamt,gesamt,31122018deutschland5976662435617061366großbritannien,1272706œ825521151165niederlande,œ295œ11549855517polen,œ3851œœ386242spanien,œ447œ12œ459459italien,œ475œœœ47590usa,œ2824125œœ2949œandere,länder,48126œ61œ23573rwekonzern,1917592412860161091803912lagebericht,geschäftsentwicklung,53,648,mio,tonnen,braunkohle,gefördert,erzeu,gungsgesellschaften,beziehen,kraftwerken,eingesetzten,rohstoffe,entweder,direkt,markt,rwe,supply˜˜trading,braunkohle,gewinnen,eigenen,tagebauen,abbaugebiet,westlich,köln,rheinischen,revier,vergangenen,jahr,648,mio,tonnen,gefördert,blieben,215,mio,tonnen,vorjahreswert,zurück,u˜a,wegen,rodungsstopps,hambacher,forst,dadurch,entstandenen,beeinträchtigung,unserer,tagebau,aktivitäten,538,mio,tonnen,großteil,gewonnenen,braunkohle,stromerzeugung,einge,setzt,übrigen,mengen,herstellung,vered,lungsprodukten,z˜b,braunkohlebriketts,geringem,umfang,erzeugung,prozessdampf,fernwärme,verwendet,worden,strom,gasabsatz,vorjahr,vergangenen,jahr,1920,mrd,kwh,strom,566,mrd,kwh,gas,verkauft,2018,2161,bzw,670,mrd,kwh,geschäfte,wurden,größtenteils,segment,energiehandel,getätigt,beim,strom,verzeichneten,rückgang,11˜,maßgeblich,darauf,beruht,erzeugung,gesunken,rwe,supply˜˜,trading,deshalb,weniger,strom,rwekraftwerken,großhan,delsmarkt,absetzen,konnte,gaslieferungen,sanken,16˜,hauptgrund,dafür,gasverkäufe,rwe,supply˜˜trading,tschechien,wegen,entkonsoli,dierung,dortigen,großabnehmers,innogy,reine,handelstransaktionen,klassifizieren,umstel,lung,erfolgte,wirkung,1,juli,2019,betroffenen,geschäfte,seither,weder,absatz,umsatz,berücksichtigt,1,inkl,zahlen,erzeugungskapazitäten,rwe,eigentum,befinden,aufgrund,langfristiger,nutzungsverträge,verfügen,2019,emittierten,anlage,13,mio,tonnen,co,2,vorjahr,20,mio,tonnen,2,türkei,europäischen,emissionshandel,teilnimmt,benötigen,dortigen,co,2ausstoß,emissionsrechte,1,teilweise,angepasste,vorjahreswerte,wesentlichen,wegen,änderungen,erfassung,umsätzen,derivatgeschäften,siehe,seite,98,anhang,emissionsbilanz,co,2ausstoß,kostenlos,zugeteilte,co,2zertifikate,unterausstattung,co,2zertifikaten,mio,tonnen,co,2201920182019201820192018braunkohle˜˜kernenergie,5777940607571787europäische,stromerzeugung,3043860506289369davon,deutschland174130050669124großbritannien,129124œœ129124niederlandebelgien,91121œœ91121türkei,21011œœœœfortgeführte,innogy,aktivitäten,œœœœœœübernommene,eon,aktivitäten,œœœœœœrwekonzern,881118011138601156außenumsatz,1,mio˜•,20192018œ,braunkohle˜˜kernenergie,10031132œ˜129europäische,stromerzeugung,1062925137energiehandel,951410208œ˜694fortgeführte,innogy,aktivitäten,1164112440übernommene,eon,aktivitäten,374œ374sonstige,konsolidierung,817œ˜9rwekonzern,erdgasstromsteuer,1312513406œ˜281erdgas,stromsteuer,15214111rwekonzern,1327713547œ˜27054,1,berichtsjahr,entfielen,großbritannien,368,mio˜•,vorjahr,102,mio˜•,leicht,gesunkener,außenumsatz,konzernexterne,umsatz,belief,2019,13125,mio˜•,erdgas,stromsteuer,2˜,weniger,vorjahr,rückgang,erster,linie,gaserlösen,zuzuord,nen,25˜,1156,mio˜•,verringert,bereits,erläutert,gasverkäufe,rwe,supply˜˜trading,tschechien,seit,1,juli,2019,reine,handelstransaktionen,mehr,umsatz,erfasst,hauptprodukt,strom,erwirt,schafteten,erlöse,10272,mio˜•,lagen,geringfügig,vorjahreswert,hintergrund,rwe,supply˜˜trading,stromverkäufen,großhandels,markt,höhere,preise,realisiert,rückgang,verkaufsmengen,gegenläufig,wirkte,1,teilweise,angepasste,vorjahreswerte,wesentlichen,wegen,änderungen,erfassung,umsätzen,derivatgeschäften,siehe,seite,98,anhang,wegen,geringfügigkeit,gesondert,ausgewiesen,stromerlöse,—sonstige,konsolidierungﬁ,außenumsatz,produkten,1,mio˜•,20192018œ,stromerlöse,1027210121151davon,braunkohle˜˜kernenergie,282303œ˜21europäische,stromerzeugung,62054278energiehandel,82598478œ˜219fortgeführte,innogy,aktivitäten,86979970übernommene,eon,aktivitäten,242œ242gaserlöse,11561547œ˜391davon,europäische,stromerzeugung,1217œ˜5energiehandel,10941484œ˜390fortgeführte,innogy,aktivitäten,50473sonstige,erlöse,16971738œ˜41rwekonzern,erdgasstromsteuer,1312513406œ˜281bereinigtes,ebitda,mio˜•,20192018œ,braunkohle˜˜kernenergie,37435618europäische,stromerzeugung,1453334119energiehandel,702183519fortgeführte,innogy,aktivitäten,833699134übernommene,eon,aktivitäten,253œ253sonstige,konsolidierung,œ˜126œ˜34œ˜92rwekonzern,24891538951lagebericht,geschäftsentwicklung,55,bereinigtes,ebitda,62˜,gestiegen,bereinigtes,ergebnis,zinsen,steuern,abschreibungen,bereinig,te,ebitda,belief,2489,mio˜•,lagen,oberen,rand,november,2019,prognostizierten,bandbreite,22,25,mrd˜•,siehe,zwischenmitteilung,ersten,drei,quartale,2019,seite,16,unserer,ersten,ergebnisprognose,märz,2019,bereinigte,ebitda,14,17,mrd˜•,veranschlagt,siehe,geschäftsbericht,2018,seite,83˜f,erwar,tung,weit,übertroffen,wichtige,rolle,spielte,dabei,handelsgeschäft,außergewöhnlich,erfolgreich,außerdem,profitierten,wiedereinsetzung,britischen,kapazitätsmarktes,übernahme,erneuerbare,energien,geschäfts,eon,beiden,effekte,aufstellung,ersten,prognose,ausgeklammert,gegenüber,vorjahr,bereinigtes,ebitda,62˜,erhöht,bereits,genannten,faktoren,maßgeblich,beige,tragen,hinzu,kam,fortgeführten,innogy,aktivitäten,erwartungsgemäß,deutlich,vorjahr,abschlossen,segmenten,zeigte,folgende,entwicklung,ł,braunkohle˜˜kernenergie,bereinigte,ebitda,lag,374,mio˜•,prognostizierten,korridor,300,400,mio˜•,gegenüber,vorjahr,5˜,erhöht,positiv,wirkte,strom,unserer,braunkohle,kernkraftwerke,höheren,großhandelspreis,erzielten,2018,erzeugung,anlage,bereits,vorjahren,nahezu,vollständig,termin,verkauft,erwerb,minderheitsanteile,kernkraftwerken,gund,remmingen,emsland,trug,ergebnisanstieg,standen,belastungen,wartungsbedingten,kraftwerksstillständen,vorläufigen,rodungs,stopp,hambacher,forst,gegenüber,ł,europäische,stromerzeugung,segment,erzielten,bereinigtes,ebitda,453,mio˜•,märz,2019,prognostizierte,bandbreite,250,350,mio˜•,wurde,deutlich,übertroffen,ergab,wiedereinsetzung,britischen,kapazitäts,marktes,dadurch,wurden,prämien,stillhaltephase,einbehalten,worden,nachträglich,ausbezahlt,obwohl,mittel,erst,anfang,2020,erhalten,rückerstattung,bereits,berichtsjahr,ergebniswirksam,ursprünglichen,ausblick,2019,eingeplant,rück,erstattung,ausschlaggebend,dafür,bereinigte,ebitda,segment,36˜,vorjahreswert,lag,allerdings,gab,negative,effekte,u˜a,stark,verringerten,margen,einsatz,zeiten,unserer,steinkohlekraftwerke,ł,energiehandel,erzielten,bereinigtes,ebitda,702,mio˜•,ursprünglich,prognostizierte,korridor,100,300,mio˜•,wurde,weit,überschritten,gleiches,gilt,vorjahreswert,183,mio˜•,schlaggebend,dafür,außergewöhnlich,gute,handelsperformance,gas,lnggeschäft,rwe,supply˜˜trading,entwickelte,ebenfalls,erfreulich,vorjahresvergleich,machte,außerdem,wegfall,belastung,bemerkbar,2018,wertberichtigung,beteiligung,ergeben,ł,fortgeführte,innogyaktivitäten,bereinigte,ebitda,rwe,verbleibenden,innogy,geschäfts,lag,833,mio˜•,erwarteten,bandbreite,800,900,mio˜•,gegenüber,2018,19˜,erhöht,rolle,spielte,dabei,windparks,innogy,aufgrund,wetterverhältnisse,insgesamt,besser,ausgelastet,2018,erneuerbare,energien,anlage,festen,einspeisevergütun,gen,gefördert,führten,höhere,realisierte,strom,preise,ertragssteigerungen,fortgesetzte,ausbau,windkraftkapazitäten,schlug,positiv,ergebnis,nieder,ł,übernommene,eon,aktivitäten,eon,rwe,übertragene,erneuerbare,energien,geschäft,seit,18,september,2019,konzernzahlen,einbezogen,dreieinhalb,monaten,jahresende,erwirtschaftete,bereinigtes,ebitda,253,mio˜•,bestätigte,prognose,november,2019,wert,200,300,mio˜•,vorsah,ausblick,märz,2019,übernahme,eon,geschäfts,berücksichtigt,56,1,berichtsjahr,entfielen,großbritannien,198,mio˜•,vorjahr,œ˜48,mio˜•,bereinigtes,ebit,mehr,doppelt,hoch,2018,bereinigte,ebitda,abzüglich,betrieblichen,abschreibun,gen,ergibt,bereinigte,ebit,lag,1267,mio˜•,innerhalb,bandbreite,11,14,mrd˜•,november,2019,prognostiziert,ursprünglich,erwartete,korridor,04,07,mrd˜•,wurde,deutlich,überschritten,abweichung,gleichen,faktoren,zurückzuführen,beim,bereinigten,ebitda,gegenüber,2018,619,mio˜•,bereinigte,ebit,mehr,verdoppelt,überleitung,nettoergebnis,positiver,einmaleffekt,tauschgeschäft,eon,überleitung,bereinigten,ebit,nettoergebnis,effekte,tauschgeschäft,eon,geprägt,meisten,gewicht,fiel,buchgewinn,83,mrd,•,entkonsolidierung,netz,vertriebsgeschäfts,innogy,beteiligung,igh,entstand,gab,ausschlag,dafür,geschäftsjahr,2019,ungewöhnlich,hohen,nettoergebnis,abschlossen,neutrale,ergebnis,bestimmte,operative,aperiodische,effekte,erfassen,œ˜1081,mio˜•,wesentlich,niedriger,2018,œ˜161,mio˜•,einzel,positionen,stellen,folgt,dar,ł,veräußerungen,beteiligungen,vermögens,werten,erzielten,ergebnis,48,mio˜•,vorjahr,œ˜25,mio˜•,maßgeblich,dafür,buchgewinne,verkauf,belgischen,gaskraftwerks,inesco,mehr,benötigter,immobilien,ł,bewertung,derivaten,schlug,81,mio˜•,buche,vorjahr,œ˜146,mio˜•,ergebniseffekte,jedoch,temporär,entstehen,u˜a,dadurch,finanzinstrumente,absicherung,preisrisiken,gemäß,ifrs,marktwerten,jeweiligen,stichtag,bilanzieren,abgesicherten,grundgeschäfte,erst,realisierung,erfolgswirk,sam,erfasst,dürfen,ł,—sonstigeﬁ,ausgewiesene,ergebnis,lag,œ˜1210,mio˜•,vorjahr,10,mio˜•,darin,großteil,belastungen,verarbeitet,deutschen,braunkohleausstieg,ergeben,außerplanmäßige,abschreibungen,kraftwerke,tagebaue,zuführungen,bergbaurückstellungen,mindern,ergebnis,2087,mio˜•,außerdem,wurden,347,mio˜•,sozialverträglichen,personalabbau,zurückgestellt,gegenläufig,wirkt,entschädigungsanspruch,gegenüber,bund,höhe,26,mrd˜•,ebenfalls,neutralen,ergebnis,erfasst,erwartete,frühzeitige,stilllegung,deutscher,steinkohle,kraftwerke,machte,rückstellungszuführungen,außerplanmäßige,abschreibungen,gesamthöhe,bereinigtes,ebit,mio˜•,20192018œ,braunkohle˜˜kernenergie,1277œ˜65europäische,stromerzeugung,11323795energiehandel,691177514fortgeführte,innogy,aktivitäten,44334994übernommene,eon,aktivitäten,116œ116sonstige,konsolidierung,œ˜127œ˜21œ˜106rwekonzern,1267619648neutrales,ergebnis,mio˜•,20192018œ,veräußerungsergebnis,48œ˜2573ergebniseffekte,derivaten,81œ˜146227sonstige,œ˜121010œ˜1220neutrales,ergebnis,œ˜1081œ˜161œ˜920lagebericht,geschäftsentwicklung,57,432,mio˜•,erforderlich,denen,zuschreibungen,gaskraftwerke,pumpspeicherwerk,höhe,363,mio˜•,gegenüberstanden,gesetzliche,kohleaus,stieg,niederlanden,wurde,außerplanmäßigen,kraftwerksabschreibungen,693,mio˜•,berücksichtigt,weitere,wertberichtigung,betraf,deutschen,offshore,windpark,nordsee,ost,werthaltigkeitstest,unterzogen,worden,insolvenz,dienstleisters,grundlegende,überarbeitung,instandhaltungskonzepts,erforderlich,gemacht,überprüfung,führte,abschreibung,225,mio˜•,dabei,wurde,berücksichtigt,2015,fertig,gestellte,windpark,sogenannten,stauchungs,modell,gefördert,hohe,acht,jahre,begrenzte,anfangsvergütung,vorsieht,beizulegende,wert,windparks,verringert,daher,schneller,lineare,abschreibung,gemäß,ifrs,widerspiegelt,finanzergebnis,betrug,œ˜938,mio˜•,gegenüber,2018,529,mio˜•,verschlechtert,einzel,nen,ergaben,folgende,veränderungen,ł,zinsergebnis,59,mio˜•,œ˜73,mio˜•,zurück,gegangen,zinsaufwendungen,gestiegen,u˜a,erstanwendung,ifrs,16,beigetra,gen,siehe,seite,50,außerdem,zinsaufwen,dungen,gebühren,erfasst,2019,aufstockung,unserer,kreditlinie,anfielen,ł,zinsanteile,zuführungen,langfristigen,rückstel,lungen,minderten,ergebnis,881,mio˜•,stärker,vorjahr,œ˜264,mio˜•,hauptursache,dafür,realabzinsungssatz,berechnung,bergbaurückstellungen,gesenkt,verbundene,anstieg,verpflichtungsbarwerte,teil,aufwand,zinsanteilen,berücksichtigt,grund,zinsanpassung,erwartete,vorzeitige,beendigung,braunkohleverstromung,rahmen,deutschen,kohleausstiegs,ł,—übrige,finanzergebnisﬁ,verbesserte,16,mio˜•,vorjahr,œ˜131,mio˜•,ursache,dafür,wertpapierportfolio,kursgewinne,erzielten,nachdem,vorjahr,kursverluste,entstanden,aufgrund,belastungen,neutralen,ergebnis,finanzergebnis,weisen,negative,ergebnis,fortge,führter,aktivitäten,steuern,œ˜752,mio˜•,vorjahr,49,mio˜•,geht,steuerertrag,92,mio˜•,einher,wert,niedriger,theoretischen,normalsteuerquote,erwarten,wäre,grund,organkreis,rwe,ag,latenten,steuern,aktiviert,soweit,latente,steuerverbindlichkeiten,gegenüberstanden,latenten,steueransprüche,wohl,absehbare,zeit,nutzen,gegenläufig,wirkte,steuerliche,risikovorsorge,reduziert,steuern,erzielten,fortgeführten,aktivitäten,ergebnis,œ˜660,mio˜•,vorjahr,œ˜54,mio˜•,ergebnis,fortgeführten,aktivitäten,netz,vertriebsgeschäft,innogy,sowie,beteili,gungen,igh,vse,umfassen,betrug,9816,mio˜•,vorjahr,1127,mio˜•,hohe,wert,ergibt,dadurch,aktivitäten,ausnahme,vse,beteili,gung,september,2019,verkauft,dabei,entkonsolidierungserfolg,8258,mio˜•,erzielten,veräußerten,aktiva,konzernbilanz,histori,schen,buchwerten,erfasst,kaufpreise,zumeist,deutlich,höheren,marktwerten,orientierten,ergebnis,laufenden,geschäft,finanzergebnis,mio˜•,20192018œ,zinserträge,18516619zinsaufwendungenœ˜258œ˜180œ˜78zinsergebnis,œ˜73œ˜14œ˜59zinsanteile,zuführungen,langfristigen,rückstellungen,œ˜881œ˜264œ˜617übriges,finanzergebnis,16œ˜131147finanzergebnis,œ˜938œ˜409œ˜52958,fortgeführten,aktivitäten,lag,1558,mio˜•,wesentlich,mehr,vorjahr,obwohl,vse,vollen,zwölf,monaten,konzernergebnis,2019,beitrug,anstieg,ergibt,ifrs,rechnungslegungsvor,schriften,danach,durften,fortgeführten,aktivitäten,seit,beginn,gesonderten,ausweises,30,juni,2018,abschreibungen,mehr,berücksichtigen,ergebnisanteile,gesellschafter,36,mio˜•,643,mio˜•,gesunken,wesentlicher,grund,dafür,nachsteuerergebnis,fortgeführten,innogyaktivitäten,verringert,sanken,ergebnisanteile,minderheitsgesellschaftern,aktivitäten,zuzuordnen,ergebnisanteile,hybridkapitalgeber,rwe,beliefen,15,mio˜•,vorjahr,59,mio˜•,betrag,entspricht,finanzierungskosten,hybrid,anleihe,750,mio˜£,20,märz,2019,abgelöst,anleihe,vorab,festgelegte,laufzeitbegrenzung,daher,mittel,vereinnahmt,gemäß,ifrs,eigenkapital,klassifizieren,übrige,hybridkapital,rwe,schulden,zugerechnet,verzinsung,erfassen,finanzergebnis,aufgrund,dargestellten,entwicklungen,schlossen,außergewöhnlich,hohen,nettoergebnis,8498,mio˜•,ab,vorjahr,335,mio˜•,6147,mio,ausstehenden,rwe,aktien,entspricht,ergebnis,je,aktie,1382˜•,vorjahr,054˜•,überleitung,nettoergebnis,mio˜•,20192018œ,bereinigtes,ebitda,24891538951betriebliche,abschreibungen,œ˜1222œ˜919œ˜303bereinigtes,ebit,1267619648neutrales,ergebnis,œ˜1081œ˜161œ˜920finanzergebnis,œ˜938œ˜409œ˜529ergebnis,fortgeführter,aktivitäten,steuern,œ˜75249œ˜801ertragsteuern,92œ˜103195ergebnis,fortgeführter,aktivitäten,œ˜660œ˜54œ˜606ergebnis,fortgeführter,aktivitäten,981611278689ergebnis,915610738083davon,ergebnisanteile,gesellschafter,643679œ˜36ergebnisanteile,hybridkapitalgeber,rwe,ag,1559œ˜44nettoergebnisergebnisanteile,aktionäre,rwe,ag,84983358163lagebericht,geschäftsentwicklung,59,stark,erhöhte,investitionen,wegen,tauschgeschäfts,eon,investitionen,fielen,9838,mio˜•,außerordentlich,hoch,vorjahr,1260,mio˜•,schlaggebend,dafür,tauschgeschäft,eon,finanzanlageinvestitionen,erreichten,dadurch,volumen,7748,mio˜•,vorjahr,181,mio˜•,davon,entfielen,40,mrd˜•,erwerb,167˜,beteiligung,tauschpartner,eon,36,mrd˜•,übernahme,erneuerbare,energien,geschäfts,erwartet,investitionen,sachanlagen,stark,angestiegen,2090,mio˜•,fast,doppelt,hoch,2018,zurückzuführen,u˜a,bau,britischen,offshore,windparks,triton,knoll,australischen,solarkraftwerks,limondale,nähere,informa,tionen,beiden,großprojekte,innogy,finden,geschäftsbericht,2018,seite,38,einbezie,hung,erneuerbare,energien,geschäfts,eon,maßnahmen,instandhaltung,kraftwerken,trugen,anstieg,sachinvestitionen,daneben,machte,erstanwendung,ifrs,16,bemerkbar,folge,nutzungsrechte,geleaste,vermögens,werte,aktiviert,wurden,investitionen,sachanlagen,immaterielle,vermögenswerte,mio˜•,20192018œ,braunkohle˜˜kernenergie,342230112europäische,stromerzeugung,2522457energiehandel,1113œ˜2fortgeführte,innogy,aktivitäten,1215592623übernommene,eon,aktivitäten,267œ267sonstige,konsolidierung,3œ˜14rwekonzern,209010791011investitionen,finanzanlagen,mio˜•,20192018œ,braunkohle˜˜kernenergie,78œ78europäische,stromerzeugung,24œ˜2energiehandel,683731fortgeführte,innogy,aktivitäten,23141œ˜118übernommene,eon,aktivitäten,20œ20sonstige,konsolidierung,7557œ˜17558rwekonzern,7748181756760,1,umgerechnet,vollzeitstellen,2,position,umfasst,ausschließlich,beschäftigten,holdinggesellschaft,rwe,ag,mitarbeiter,13112201931122018œ,braunkohle˜˜kernenergie,1115011292œ˜142europäische,stromerzeugung,29272738189energiehandel,1337126770,fortgeführte,innogy,aktivitäten,25052192313übernommene,eon,aktivitäten,1559œ,1559sonstige,231425955rwekonzern,19792177482044deutlicher,anstieg,mitarbeiterzahl,übernahme,erneuerbareenergiengeschäfts,eon,31,dezember,2019,beschäftigte,rwe,konzern,fortgeführten,aktivitäten,19792,mitarbeiter,davon,15056,deutschen,4736,ausländischen,stand,orten,ermittlung,zahlen,wurden,teilzeitstellen,anteilig,berücksichtigt,gegenüber,ende,2018,personalbestand,2044,mitarbeiter,erhöht,ausschlag,gebend,dafür,übernahme,erneuerbare,energien,geschäfts,eon,dadurch,1559,mitarbeiter,hinzugewonnen,davon,763,usa,rein,operativ,effekte,unternehmenskäufen,verkäufen,zahl,unserer,mitarbeiter,485,gestiegen,wichti,ger,faktor,dabei,ausbau,offshore,windkraftka,pazitäten,innogy,personal,bestand,erfasst,auszubildenden,ende,2019,erlernten,701,junge,menschen,beruf,jahr,zuvor,666,gewesenlagebericht,geschäftsentwicklung,61,18,finanz,vermögenslage,tauschgeschäft,eon,rwe,finanziell,robuster,gemacht,entkonsolidierung,netz,vertriebs,aktivitäten,innogy,ausschlaggebend,dafür,nettoschulden,2019,mehr,hälfte,93,mrd˜•,verringert,positiv,wirkte,tauschgeschäft,eigenkapitalquote,94,prozentpunkte,272˜,gestiegen,solide,finanz,vermögenslage,spiegelt,rating,moody™s,fitch,wider,beide,agenturen,bescheinigen,bonität,kategorie,—investment,gradeﬁ,verantwortlichkeit,mittelbeschaffung,zuständigkeit,finanzierung,rwekonzern,liegt,seit,verkauf,unserer,innogybeteiligung,allein,rwe,ag,obwohl,mehrheit,innogy,hielten,gesellschaft,operativ,eigenständig,kümmerte,dementsprechend,finanzierung,verantworteten,aktivitäten,konzernmutter,obliegt,rwe,ag,finanzmittel,banken,geld,kapitalmarkt,beschaffen,tochtergesellschaften,nehmen,einzelfällen,fremdkapital,direkt,etwa,nutzung,lokaler,kredit,kapitalmärkte,wirtschaftlich,vorteilhaft,rwe,ag,außerdem,koordinierend,tätig,konzerngesellschaften,haftungsverhältnisse,eingehen,weise,finanzrisiken,zentral,gesteuert,überwacht,außerdem,stärken,verhandlungsposition,gegenüber,kreditinstituten,geschäftspartnern,lieferanten,kunden,instrumente,aufnahme,fremdkapital,decken,finanzbedarf,großen,teil,einnahmen,operativen,geschäft,darüber,hinaus,verfügen,breite,palette,instrumenten,beschaffung,fremdmitteln,ł,debtissuanceprogramm,dip,bietet,spiel,raum,langfristige,fremd,finanzierung,kapital,markt,dip,rahmenprospekt,flexible,begebung,anleihen,aktuellen,programm,10,mrd˜•,aufnehmen,seit,2015,rwe,ag,allerdings,anleihe,mehr,emittiert,ł,kurzfristige,refinanzierung,steht,commer,cialpaperprogramm,verfügung,erlaubt,mittel,gegenwert,5,mrd,u,geldmarkt,beschaffen,laufe,vergangenen,geschäftsjahres,rahmen,teil,ausgeschöpft,zeitweise,standen,commercial,paper,maximal,34,mrd˜•,ł,darüber,hinaus,syndizierte,kreditlinie,zurückgreifen,liquiditätssicherung,dient,kreditrahmen,april,2019,ab,schluss,neuen,vereinbarung,3,5,mrd˜•,stocken,lassen,transaktion,eon,bewogen,vergrößert,ver,antwortete,operative,geschäft,neue,kreditlinie,konsortium,27,internationalen,banken,gewährt,besteht,zwei,tranchen,3,mrd˜•,laufzeit,fünf,jahren,2,mrd˜•,zweijähriger,laufzeit,einverständnis,banken,erstgenannte,tranche,zweimal,jeweils,jahr,verlängert,zweiten,tranche,besteht,option,jahr,zustimmung,banken,bedarf,bisher,rwe,syndizierte,kreditlinie,anspruch,genommen,anleihevolumen,11,mrd˜•,gesunken,31,dezember,2019,standen,rweanleihen,gesamtwert,11,mrd˜•,dabei,handelte,wesentlichen,drei,hybridanleihen,539,mio˜•,kupon,275˜,frühestmögliche,kündigung,oktober,2020,282,mio˜•,35˜,april,2025,317,mio,u,6625˜,märz,2026,wegen,vorzeitiger,rückkäufe,oktober,2017,liegen,beträge,emissionsvolu,mina,700,mio˜•,550,mio˜•,500,mio,u,vierte,hybridanleihe,kupon,7˜,nomi,nalwert,750,mio˜£,20,märz,2019,frühestmöglichen,zeitpunkt,abgelöst,neues,hybridkapital,ersetzen,daher,anleihevolumen,rwe,ag,bilanzstichtag,deutlich,niedriger,ende,2018,19,mrd˜•,62,1,sämtliche,positionen,beziehen,ausschließlich,fortgeführten,aktivitäten,2,erfasst,zahlungswirksame,vorgänge,kreditrating,rwe,ag,stand,31122019,moody™s,fitch,langfristige,finanzschulden,senioranleihen,baa3bbbnachrangige,anleihen,hybridanleihen,ba2bbkurzfristige,finanzschulden,p3f2ausblick,stabil,stabil,fremdkapitalkostensatz,14˜,gesunken,kostensatz,fremdfinanzierung,rwe,lag,2019,14˜,ermittelt,wurde,jahresdurchschnittlichen,bestand,unserer,verbindlichkeiten,anleihen,commercial,paper,bankkrediten,märz,2019,abgelöste,hybridanleihe,750,mio˜£,blieb,unberücksichtigt,ifrs,eigenkapital,zuzurechnen,gegenüber,2018,29˜,kapitalkostensatz,deutlich,verringert,hintergrund,berichts,jahr,verstärkt,zinsgünstigen,commercial,paper,refinanziert,solides,kreditrating,kategorie,—investment,gradeﬁ,hoch,fremdfinanzierungskosten,hängt,u˜a,davon,ab,unabhängige,ratingagenturen,bonität,beurteilen,auftrag,nehmen,moody™s,fitch,einschätzungen,moody™s,benotet,langfristige,kreditwürdigkeit,—baa3ﬁ,bewertung,oktober,2019,eingehender,prüfung,bekräftigt,worden,rating,fitch,fällt,—bbbﬁ,sogar,stufe,besser,beide,häuser,bescheinigen,bonität,kategorie,—investment,gradeﬁ,œ,jeweils,stabilem,ausblick,operativer,cash,flow,hohe,belastungen,realisierung,commoditytermingeschäften,trotz,stark,verbesserten,operativen,ertragslage,erzielten,fortgeführten,aktivitäten,negativen,cash,flow,laufender,geschäftstätigkeit,œ˜977,mio˜•,vorjahr,4611,mio˜•,maßgeblich,dafür,vorgänge,veränderung,nettoumlaufvermögens,widerspiegeln,beispielsweise,gab,berichtszeitraum,erhebliche,mittelabflüsse,realisierung,commo,ditytermingeschäften,2019,hohe,variation,margin,vereinnahmt,variation,margin,zahlungen,denen,transaktionspartner,untereinander,gewinn,verlustpositionen,ausgleichen,tägliche,neubewertung,laufender,kontrakte,aufgedeckt,einfluss,cash,flow,vorüber,gehender,natur,kehrt,spätestens,termingeschäfte,fällig,kapitalflussrechnung,1,mio,•,20192018œfunds,from,operation,18091381671veränderung,nettoumlaufvermögens,œ˜27864473œ˜7259cash,flow,laufender,geschäftstätigkeit,fortgeführter,aktivitäten,œ˜9774611œ˜5588cash,flow,investitionstätigkeit,fortgeführter,aktivitäten,474œ˜29993473cash,flow,finanzierungstätigkeit,fortgeführter,aktivitäten,189œ˜15591748einfluss,wechselkurs,sonstigen,wertänderungen,flüssigen,mittel,1313œveränderung,flüssigen,mittel,œ˜30166œ˜367cash,flow,laufender,geschäftstätigkeit,fortgeführter,aktivitäten,œ˜9774611œ˜5588abzüglich,investitionen,2œ˜1771œ˜1246œ˜525zuzüglich,desinvestitionenanlagenabgänge,269574621free,cash,flow,œ˜20533439œ˜5492lagebericht,finanz,vermögenslage,63,investitionstätigkeit,fortgeführter,aktivitäten,erbrachte,per,saldo,mittelzufluss,474,mio˜•,ausschlagge,bend,dafür,einnahmen,veräußerung,wertpapieren,investitionen,sach,finanz,anlage,gegenläufig,wirkten,vorjahr,mittelabfluss,2999,mio˜•,gegeben,u˜a,umfangreiche,wertpapierkäufe,zurückzuführen,cash,flow,finanzierungstätigkeit,fortgeführter,aktivitäten,betrug,189,mio˜•,vorjahr,œ˜1559,mio˜•,berichtsjahr,mehr,finanzschulden,aufgenommen,getilgt,dadurch,ergab,nettozufluss,1678,mio˜•,gegenläufig,wirkte,ablösung,finanzschulden,erfassten,hybridanleihe,750,mio˜£,umgerechnet,869,mio˜•,abgeflossen,ausschüttungen,rweaktionäre,hybrid,kapitalgeber,miteigentümer,vollkonsolidierter,rwe,gesellschaften,summierten,560,mio˜•,aufgrund,dargestellten,zahlungsströme,geschäfts,investitions,finanzierungstätigkeit,liquiditätsbestand,per,saldo,301,mio˜•,verringert,free,cash,flow,lag,œ˜2053,mio˜•,weit,hohen,vorjahreswert,3439,mio˜•,hauptursache,dafür,verschlechterung,beim,operativen,cash,flow,nettoschulden,mio,•,3112201931122018œ,flüssige,mittel,31923523œ˜331wertpapiere,35233863œ˜340sonstiges,finanzvermögen,498328092174finanzvermögen,11698101951503anleihen,schuldscheindarlehen,verbindlichkeiten,gegenüber,kreditinstituten,commercial,paper,24661657809währungskurssicherung,anleihen,712œ˜5sonstige,finanzverbindlichkeiten,326811072161finanzverbindlichkeiten,574127762965korrektur,beim,hybridkapital,œ˜562œ˜88œ˜474zuzüglich,50˜,eigenkapital,ausgewiesenen,hybridkapitals,œ470œ˜470abzüglich,50˜,fremdkapital,ausgewiesenen,hybridkapitals,œ˜562œ˜558œ˜4nettofinanzvermögen,inkl,korrektur,beim,hybridkapital,65197507œ˜988rückstellungen,pensionen,ähnliche,verpflichtungen,34463287159aktivisch,ausgewiesenes,nettovermögen,fondsgedeckten,pensionsverpflichtungen,œ˜153œ˜21360rückstellungen,entsorgung,kernenergiebereich,67235944779bergbaubedingte,rückstellungen,461825162102rückstellungen,rückbau,windparks,951362589nettoschulden,fortgeführter,aktivitäten,906643894677nettoschulden,fortgeführter,aktivitäten,23214950œ˜14718nettoschulden,929819339œ˜1004164,deutlicher,schuldenrückgang,entkonsolidierung,netz,vertriebsgeschäfts,innogy,nettoschulden,beliefen,31,dezember,2019,93,mrd˜•,gegenüber,stand,vorjahresende,100,mrd˜•,verringert,schlüsselrolle,spielt,dabei,tauschgeschäft,eon,nettoschulden,fortgeführten,aktivitäten,sanken,147,mrd˜•,02,mrd˜•,grund,entkonsolidierung,eon,abgegebenen,netz,vertriebsgeschäfts,innogy,5004˜beteiligung,tschechischen,gasnetzbetreiber,igh,mirakonsortium,veräußert,verbliebene,wert,unserer,beteiligung,slowakischen,energieversorger,vse,zuzuordnen,2019,innogy,erworben,eon,weiterverkaufen,nettoschulden,fortgeführten,aktivitäten,dagegen,œ,erwartet,œ,deutlich,erhöht,47,mrd˜•,91,mrd˜•,negative,free,cash,flow,beigetragen,effekte,tauschgeschäft,eon,machten,30,mrd˜•,bemerkbar,davon,entfallen,15,mrd˜•,nettoschulden,erneuerbareenergiengeschäft,eon,übernommen,07,mrd˜•,zusätzliche,kernenergierückstellun,gen,weitere,07,mrd˜•,zahlung,kaufpreises,vse,innogy,deutsche,kohleausstieg,beeinflusste,nettoschulden,hauptursache,dafür,bergbaurückstellungen,21,mrd˜•,erhöhten,gegenläufig,wirkte,sonstigen,finanz,vermögen,berücksichtigte,kompensationsforderung,bund,höhe,26,mrd˜•,großteil,gesamten,finanziellen,schadens,kohleausstieg,abdecken,erstanwendung,ifrs,16,erhöhte,nettoschulden,04,mrd˜•,weitere,04,mrd˜•,resultier,ten,daraus,hybridanleihe,750,mio˜£,getilgt,vorteil,hälftigen,zurech,nung,eigenkapital,weggefallen,allerdings,innogy,zeitgleich,darlehen,zurückgezahlt,etwa,hoch,tilgungsbetrag,geschah,rahmen,vereinbarung,frühere,tochter,vorfeld,börsengangs,2016,getroffen,siehe,geschäftsbericht,2016,seite,52,leicht,verringerte,außerbilanzielle,verpflichtungen,einkauf,strom,brennstoffen,nettoschulden,enthalten,außerbilanziellen,verpflichtungen,ergeben,größtenteils,lang,frist,verträgen,beschaffung,brennstoffen,strom,zahlungsverpflichtungen,wesentlichen,bezugskontrakten,betrugen,bilanzstichtag,271,mrd˜•,brennstoffen,vorjahr,279,mrd˜•,71,mrd˜•,strom,vorjahr,78,mrd˜•,werten,liegen,annahmen,voraussichtliche,entwicklung,commoditypreise,zugrunde,weitere,informa,tionen,außerbilan,ziellen,verpflichtungen,finden,seite,168,anhang,konzernbilanz,eigenkapitalquote,272˜,gestiegen,tauschgeschäft,eon,erhebliche,auswirkun,gen,konzernbilanz,ausschlaggebend,dafür,bilanzsumme,gegenüber,ende,2018,159,642,mrd˜•,verringerte,entkonsolidie,rung,eon,weitergeführten,innogygeschäfts,ighbeteiligung,sanken,veräußerung,bestimm,ten,vermögenswerte,405,13,mrd˜•,veräußerung,bestimmten,schulden,328,05,mrd˜•,erstkonsolidierung,übernommenen,eonaktivitäten,schlug,dagegen,122,mrd˜•,bilanzverlängernd,nieder,eigenkapital,rwe,konzerns,32,mrd˜•,erhöht,anteil,bilanzsumme,eigenkapitalquote,lag,abschlussstichtag,272˜,94,prozentpunkte,stand,vorjahresende,hauptgrund,dafür,hohe,ergebnis,entkonsolidierung,netz,vertriebs,geschäfts,innogy,gegenläufig,wirkte,anteile,gesellschafter,gesunken,ausschüttungen,tilgung,hybridanleihe,750,mio˜£,minderten,eigenkapital,lagebericht,finanz,vermögenslage,65,1,angepasste,vorjahreswerte,siehe,erläuterung,seite,116,anhang,konzernbilanzstruktur,3112201931122018in,mio˜•,mio˜•,aktiva,langfristiges,vermögen,3595156018595232davon,immaterielle,vermögenswerte,480975219327sachanlagen1909729712409155kurzfristiges,vermögen,2824144061513768davon,forderungen,lieferungen,leistungen,362156196325forderungen,sonstige,vermögenswerte,1531123910291128wertpapiere,325851360945zur,veräußerung,bestimmte,vermögenswerte,12742040496506gesamt,641921000801081000passiva,eigenkapital,1744827214257178langfristige,schulden,2701842120007250davon,rückstellungen,11893629514366179finanzverbindlichkeiten,392461199825kurzfristige,schulden,1972630745844572davon,rückstellungen,1263841257232finanzverbindlichkeiten,18102876610verbindlichkeiten,lieferungen,leistungen,298747242930übrige,verbindlichkeiten,11781184728191zur,veräußerung,bestimmte,schulden,5100832796409gesamt,64192100080108100066,jahresabschluss,rwe,ag,stellt,jahresabschluss,vorschriften,handelsgesetzbuchs,hgb,aktiengesetzes,aktg,abschluss,bundesanzeiger,verlag,gmbh,sitz,köln,eingereicht,bundesanzeiger,veröffentlicht,angefordert,steht,internet,wwwrwecomberichte,verfügung,19,erläuterungen,jahresabschluss,rwe,ag,holding,einzelabschluss,rwe,ag,maßgeblich,geschäftsverlauf,tochterunternehmen,beeinflusst,vergangenen,jahr,trug,rwe,supply˜˜trading,starken,handelsperformance,ergebnis,konzernmutter,allerdings,gab,belastungen,beispielsweise,wertberichtigungen,zusammenhang,niederländischen,kohleausstieg,jahresüberschuss,rwe,ag,liegt,514,mio˜•,niveau,2018,steigen,ausschüttung,aktionäre,beabsichtigen,hauptversamm,lung,april,2020,dividende,080˜•,je,aktie,vorzuschlagen,bilanz,rwe,ag,kurzfassung,mio˜•,3112201931122018aktiva,finanzanlagen,2062825166forderungen,verbundene,unternehmen,102333669übrige,forderungen,sonstige,vermögensgegenstände,6056479wertpapiere,flüssige,mittel,29294864gesamt,3984634178passiva,eigenkapital,57385654rückstellungen,22372700verbindlichkeiten,gegenüber,verbundenen,unternehmen,2921323169übrige,verbindlichkeiten,26582655gesamt,3984634178gewinn,verlustrechnung,rwe,ag,kurzfassung,mio˜•,20192018ergebnis,finanzanlagen,17581091zinsergebnis,31œ˜391,sonstige,erträge,aufwendungen,œ˜1550œ˜227steuern,einkommen,ertrag,275œ˜1,jahresüberschuss,514472einstellung,gewinnrücklagen,œ˜22œ˜42bilanzgewinn,492430lagebericht,erläuterungen,jahresabschluss,rwe,ag,holding,67,vermögenslage,rwe,ag,wy,31,dezember,2019,bilanzsumme,398,mrd˜•,gegenüber,342,mrd˜•,vorjahr,hauptursache,anstieg,effekte,tauschgeschäft,eon,beispielsweise,rwe,ag,eon,erhaltene,erneuerbare,energiengeschäft,nachgeordnetes,unternehmen,übertragen,entsprechende,forderung,gegenüber,unternehmen,gebildet,umgekehrt,führte,verkauf,innogybeteiligung,tochtergesellschaft,gehalten,worden,verbind,lichkeit,gegenüber,tochter,allerdings,gab,entwicklungen,bilanzsumme,minderten,verringerte,bestand,wertpapieren,flüssigen,mitteln,machte,seite,63,erläuter,te,liquiditätsabfluss,realisierung,commodity,termingeschäften,rwe,supply˜˜trading,bemerkbar,eigenkapitalquote,belief,ende,2019,144˜,wegen,gestiegenen,bilanzsumme,niedriger,vorjahr,165˜,finanzlage,rwe,ag,wirtschaftlich,solide,aufgestellt,verfügt,reihe,flexibel,einsetzbaren,finanzierungsinstrumenten,spiegelt,kreditratings,wider,bereich,investment,grade,liegen,ausführliche,informationen,finanzlage,rwe,finanzierungstätigkeit,berichtsjahr,finden,seite,62˜ff,ertragslage,ertragslage,rwe,ag,2018,leicht,verbessert,wesentlichen,positionen,gewinn,verlustrechnung,folgender,maßen,entwickelt,ł,ergebnis,finanzanlagen,667,mio˜•,1758,mio˜•,gestiegen,wesentliche,rolle,spielte,dabei,außergewöhnlich,gute,performance,energie,handel,außerdem,trugen,geschäftsaktivitäten,eon,übernommen,erstmals,ergebnis,allerdings,gab,belastende,faktoren,z˜b,rwe,generation,wesentlich,ungünstigeren,marktbe,dingungen,steinkohlekraftwerke,ł,zinsergebnis,stark,erhöht,422,mio˜•,31,mio˜•,hintergrund,verwaltung,pensionsgeldern,hohe,kapitalerträge,erzielt,konnten,ł,position,—sonstige,erträge,aufwendungenﬁ,1323,mio˜•,œ˜1550,mio˜•,verschlechtert,hauptursache,dafür,wertberichtigung,finanzforderungen,tochtergesellschaft,niederlanden,deren,ertragsperspektiven,wegen,gesetzlich,verankerten,kohleausstiegs,stark,eingetrübt,darüber,hinaus,führten,itprojekte,mehrauf,wendungen,rwe,ag,ł,berichtsjahr,weisen,steuerertrag,275,mio˜•,wesentlichen,darauf,beruht,steuerliche,risikovorsorge,reduziert,steuern,vorjahre,erstattet,worden,vorjahr,steueraufwand,1,mio˜•,angefallen,ł,dargestellten,ergebniszahlen,summieren,jahresüberschuss,514,mio˜•,vergleich,2018,verbesserung,42,mio˜•,ł,bilanzgewinn,höhe,492,mio˜•,entspricht,geplanten,ausschüttung,aktionäre,höhe,080˜•,je,aktie,ausblick,2020,ertragsperspektiven,rwe,ag,hängen,maßgeblich,davon,ab,geschäftsaktivi,täten,tochtergesellschaften,entwickeln,aktuelle,einschätzung,stimmt,zuversicht,lich,jahresüberschuss,2020,2019,liegen,erklärung,unternehmensführung,§§˜289f,315d,hgb,vorstand,aufsichtsrat,rwe,ag,14,februar,2020,erklärung,unternehmens,führung,§§˜289f,315d,hgb,abgegeben,erklärung,enthält,erstmals,bericht,corporate,governance,veröffentlicht,wwwrwecomerklaerungzurunternehmensfuehrung,68,110,darstellung,rwekonzerns,innogy,reiner,finanzbeteiligung,geschäftsjahr,2019,veröffentlichen,letztmals,konzernzahlen,denen,frühere,tochter,gesellschaft,innogy,reine,finanzbeteiligung,dargestellt,zahlen,ermitteln,abweichend,konsolidierungsgrundsätzen,gemäß,ifrs,gewinn,verlustrechnung,berücksichtigen,innogy,dabei,ergebnisbeitrag,gezahlten,dividende,2019,ergeben,bereinigtes,konzernebitda,21,mrd˜•,bereinigtes,nettoergebnis,12,mrd˜•,wesentlich,mehr,zunächst,prognostiziert,ausschlaggebend,dafür,starke,performance,energiehandel,wiedereinführung,britischen,kapazitätsmarktes,frühere,tochter,innogy,vollkonsolidierung,bedingt,aussagefähig,gemäß,international,financial,reporting,standard,ifrs,müssen,gesellschaften,rwe,ag,mittel,unmittelbar,beherrscht,konzernabschluss,vollkonsolidieren,heißt,betroffe,nen,aktivitäten,gehen,erlösen,aufwendungen,cash,flow,vermögenswerten,schulden,etc,konzernzahlen,vorgehensweise,innogy,anzuwenden,entsprach,art,weise,frühere,tochter,gesteuert,innogy,wurde,reine,finanzbeteiligung,geführt,konnte,unternehmerisch,eigenständig,agieren,angepasstes,zahlenwerk,vergangenheit,daher,zweite,ifrskonsolidierungs,grund,sätzen,abweichende,methode,ermittlung,konzern,zahlen,verwendet,status,unserer,tochter,gesell,schaft,genauer,widerspiegelte,beteiligung,innogy,wurde,dabei,bilanz,übrigen,finanzanlagen,zugeordnet,ergebniszahlen,rwe,zustehenden,dividende,berücksichtigt,geschäfte,restkonzerns,innogy,fiktiv,geschäfte,dritten,behandelt,seit,verkauf,unserer,innogy,beteiligung,eon,september,2019,stellen,bilanz,mehr,beschriebenen,methode,allerdings,letztes,mal,angewendet,ergebniszahlen,2019,ermitteln,effekte,tauschgeschäft,eon,z˜b,übernahme,erneuer,bareenergiengeschäfts,dabei,größtenteils,ausgeklammert,somit,ermöglichen,zahlen,einblick,geschäftsentwicklung,sondereffek,ten,transaktion,nahezu,unbeeinflusst,nutzen,daher,erfolgsmessung,rahmen,standsvergütung,bereinigtes,ebitda,bereinigtes,nettoergebnis,höher,prognostiziert,übersicht,unten,stellt,wesentliche,ergebniskennzahlen,dar,oben,beschriebenen,weise,ermittelt,wurden,bereinigte,ebitda,ergab,2019,wert,2106,mio˜•,vorjahr,1521,mio˜•,bereinigte,nettoergebnis,belief,1210,mio˜•,vorjahr,591,mio˜•,ausblick,november,2019,sah,bandbreiten,18,21,mrd˜•,bzw,09,12,mrd˜•,siehe,zwischenmitteilung,ersten,drei,quartale,2019,seite,16,unserer,ersten,ergebnisprognose,märz,2019,berei,nigte,ebitda,12,15,mrd˜•,bereinigte,nettoergebnis,03,06,mrd˜•,veranschlagt,siehe,geschäftsbericht,2018,seite,84,erwartung,weit,übertroffen,ausschlaggebend,dafür,außergewöhnlich,gute,handelsperformance,rwe,supply˜˜trading,ergebniseffekt,wiedereinführung,britischen,kapazitätsmarktes,1,zahlen,abweichend,ifrsvorgaben,ermittelt,worden,neben,oben,skizzierten,sachverhalten,betrifft,u˜a,folgenden,punkte,liefer,leistungsverträge,restkonzerns,innogy,durchweg,schwebende,geschäfte,bilanziert,worden,gegebenenfalls,beizulegenden,zeitwert,bewerten,wären,rückstellungen,eventuell,drohende,verluste,geschäften,gebildet,liefer,leistungsbeziehungen,externen,dritten,verbundene,rückstellungen,bilanzierung,ifrskonzernabschluss,übernommen,worden,gleiches,gilt,bilanziellen,effekte,sicherungsbeziehungen,latente,steuern,ergebnissen,2019,tatsächliche,innogydividende,140˜•,je,aktie,enthalten,theoretische,wert,164˜•,konditionen,tauschgeschäfts,eon,zugrunde,lagkennzahlen,rwekonzern,einbeziehung,innogy,vollkonsolidierte,finanzbeteiligung,1,mio,•,20192018œbereinigtes,ebitda,21061521585bereinigtes,ebit,1412953459bereinigtes,nettoergebnis,1210591619lagebericht,darstellung,rwekonzerns,innogy,reiner,finanzbeteiligung,69,111,übernahmerechtliche,angaben,gegenstand,kapitels,angaben,§§˜315a,ab,1,289a,ab,1,handelsgesetzbuchs,sowie,§˜176,ab,1,satz,1,aktiengesetz,dargestellt,gesellschaftsspezifische,regelungen,u˜a,anpassung,kapitalstruktur,vorstand,fall,wechsels,unternehmenskontrolle,betreffen,rwe,entsprechen,all,bestimmungen,standard,deutscher,kapitalmarktorientierter,unternehmen,befugnis,rwe,ag,erwerb,eigener,aktien,beschluss,hauptversammlung,26,april,2018,wurde,rwe,ag,ermächtigt,25,april,2023,aktien,gesellschaft,umfang,10˜,beschlusszeitpunkt,œ,fall,wert,geringer,œ,zeitpunkt,ausübung,ermächtigung,bestehen,grundkapitals,erwerben,aktien,wahl,vorstands,börse,wege,öffentlichen,kaufangebots,erworben,erworbenen,aktien,dürfen,eingezogen,ferner,dürfen,rahmen,unternehmenszusammenschlüs,sen,beim,erwerb,unternehmen,unternehmens,teilen,betrieben,anteilen,unternehmen,dritte,übertragen,weise,veräußert,veräußerung,weder,börse,angebot,aktionäre,erfolgt,barzah,lung,erlaubt,außerdem,darf,fällen,veräuße,rungspreis,börsenpreis,wesentlich,unterschreiten,gesellschaft,zurückerworbene,aktien,inhaber,option,wandelschuldverschreibungen,liefern,schließlich,darf,gesellschaft,aktien,verwenden,verpflichtungen,beleg,schafts,aktien,programmen,erfüllen,genannten,fällen,bezugsrecht,ausgeschlossen,ermächtigungen,ganz,teilweise,sowie,mehrmals,teilbe,trägen,ausgeübt,befugnisse,vorstands,ausgabe,neuer,aktien,vorstand,beschluss,hauptversammlung,26,april,2018,ermächtigt,grundkapital,gesellschaft,25,april,2023,zustimmung,aufsichtsrats,31474969344˜•,ausgabe,122949099,inhaber,lautenden,stammaktien,bar,sacheinlagen,erhöhen,genehmigtes,kapital,ermächtigungen,ganz,teilweise,sowie,mehrmals,teilbeträgen,ausgeübt,zusammensetzung,gezeichneten,kapitals,grundkapital,rwe,ag,beträgt,157374874444˜•,verteilt,614745499,nenn,betrags,lose,inhaber,lautende,stammaktien,seite,25,dargelegt,mitte,2019,insgesamt,39000000,vorzugs,aktien,stammaktien,umgewandelt,worden,seither,gewährt,rweaktie,gleichen,rechte,kapitalbeteiligungen,mehr,10˜,stimmrechte,31,dezember,2019,gab,beteiligung,rwe,ag,mehr,10˜,stimmrechte,vereint,beschränkungen,übertragung,aktien,rahmen,belegschaftsaktienprogramms,rwe,ag,abgelaufenen,geschäftsjahr,305216,rwe,stamm,aktien,mitarbeiter,deutschland,ausgegeben,worden,titel,unterliegen,31,dezember,2020,verfügungsbeschränkung,großbritannien,legen,belegschaftsaktienpro,gramme,teilnahme,berechtigt,mitarbeiter,rwe,generation,uk,plc,rwe,technology,uk,limited,rwe,supply˜˜trading,gmbh,uk,branch,titel,unterliegen,ebenfalls,verfügungs,beschränkung,fünf,jahre,ab,tag,zuteilung,rahmen,britischen,programme,2019,insgesamt,27742,rwestamm,aktien,erworben,worden,ernennung,abberufung,vorstandsmitglieder,satzungsänderungen,ernennung,abberufung,mitglieder,vorstands,§§˜84˜f,aktien,gesetz,aktg,verbindung,§˜31,mitbestimmungsgesetz,geregelt,satzungsänderungen,richten,§§˜179˜ff,aktg,verbindung,§˜16,ab,5,satzung,rwe,ag,genannte,satzungsparagraph,sieht,beschlüsse,hauptversammlung,einfacher,mehrheit,abgegebenen,stimmen,soweit,außer,kapitalmehrheit,erforderlich,einfacher,mehrheit,beschlussfassung,vertretenen,grundkapitals,ge,fasst,fall,gesetz,satzung,vorschreiben,§˜10,ab,9,satzung,aufsichtsrat,ermächtigt,satzungsände,rungen,beschließen,fassung,d˜h,sprachli,che,form,inhalt,betreffen,70,aktionären,steht,grundsätzlich,bezugsrecht,vorstand,jedoch,zustimmung,aufsichts,rat,folgenden,fällen,ausschließen,ł,bezugsrecht,ausgeschlossen,spitzenbeträge,vermeiden,bezugs,verhältnis,ergeben,ł,ausgeschlossen,aktien,sach,einlagen,zwecke,unternehmenszusammen,schlüssen,erwerb,unternehmen,nehmens,teilen,betrieben,anteilen,unternehmen,auszugeben,ł,barkapitalerhöhung,bezugsrecht,ausgeschlossen,ausgabepreis,börsen,preis,wesentlich,unterschreitet,neuen,aktien,bezugsrecht,ausgeschlossen,gesamt,entfallende,anteilige,betrag,10˜,grundkapitals,überschreitet,ł,schließlich,bezugsrecht,ausgeschlossen,wer,aktien,eventuellen,inhabern,wandel,option,anleihen,umfang,anzubieten,wandlung,bzw,ausübung,option,zustehen,vorstand,ermächtigt,zustimmung,aufsichts,rat,weiteren,inhalt,aktienrechte,bedingungen,aktienausgabe,festzulegen,insgesamt,darf,grundkapital,ausgabe,neuer,aktien,bezugsrechtsausschluss,mehr,20˜,erhöht,auswirkungen,wechsels,unternehmenskontrolle,fremdfinanzierung,instrumente,fremdfinanzierung,enthalten,vielfach,klauseln,fall,wechsels,unternehmenskontrolle,change,of,control,beziehen,bezüglich,senioranleihe,2016,einzige,gänze,innogy,übertragen,konnte,heute,kleinen,restbetrag,verblieben,gibt,folgende,regelung,rwe,ag,kontrollwechsel,verbindung,absenkung,kreditratings,kategorie,—investment,gradeﬁ,kommen,anleihegläubiger,sofortige,rückzahlung,verlangen,nachrangi,gen,hybridanleihen,gilt,fall,rwe,ag,innerhalb,festgelegten,kontrollwechselzeit,raums,kündigen,geschieht,erhöht,jährliche,vergütung,hybridanleihen,gewähren,500,basispunkte,syndizierte,kreditlinie,rwe,ag,5,mrd˜•,enthält,changeofcontrolklausel,wesent,lichen,folgenden,inhalt,fall,änderung,kontroll,mehrheitsverhältnisse,rwe,weitere,inanspruchnahmen,vorerst,ausgesetzt,kreditgeber,nehmen,verhandlungen,fortführung,kreditlinie,kündigen,fall,mehrheit,innerhalb,30,tagen,kontrollwechsel,einigung,erzielen,auswirkungen,kontrollwechsels,vergütung,vorstand,führungskräften,mitglieder,vorstands,rwe,ag,sonderkündigungsrecht,aktionäre,dritte,kontrolle,nehmen,erlangen,dadurch,wesentliche,nachteile,vorstandsmitglieder,ergeben,fall,steht,frei,amt,innerhalb,halben,jahres,wechsel,unternehmenskontrolle,wichtigem,grund,nieder,zulegen,wobei,frist,drei,monaten,einzuhalten,zusätzlich,beendi,gung,dienstverhältnisses,gewährung,einmalzahlung,verlangen,höhe,einmalzahlung,entspricht,bezügen,ende,ursprünglich,vereinbarten,vertragslaufzeit,angefallen,wären,höchstens,jedoch,dreifachen,vertrag,lichen,jahresgesamtvergütung,aktienbasierte,ver,gütungen,eingerechnet,regelung,steht,einklang,berichtsjahr,maßgeblichen,empfehlungen,deutschen,corporate,governance,kodex,strategic,performance,plan,seite,75˜f,erläutern,vorstand,führungskräfte,rwe,ag,nachgeordneter,verbundener,unternehmen,festgelegt,falle,wechsels,unternehmens,kontrolle,gewährten,performance,share,bereits,final,festgeschrieben,auszahlung,gelangt,vorzeitig,ausbezahlt,auszahlungs,betrag,entspricht,anzahl,performance,share,multipliziert,summe,durchschnittlichen,schlusskurs,rwestammaktie,letzten,30,bör,senhandelstagen,verlautbarung,kontrollwechsels,dahin,pro,aktie,ausgezahlten,dividenden,gerechnet,ab,zeitpunkt,festschreibung,performance,share,zeitpunkt,wechsels,unternehmenskontrolle,vorläufig,zugeteilten,performance,share,verfallen,ersatz,entschädigungslos,lagebericht,übernahmerechtliche,angaben,71,112,vergütungsbericht,kapitalmarkt,erwartet,unternehmen,leistungsorientierte,vergütungssysteme,verfügen,interessen,management,denen,eigentümer,einklang,bringen,außerdem,vorstände,lohnen,unternehmen,nachhaltig,wirtschaftet,verantwortung,gegenüber,gesellschaft,ernst,nimmt,vergütungssystem,rwe,anforderungen,gerecht,trotzdem,weiterentwickeln,bereits,eng,investoren,abgestimmt,aufsichtsrat,rwe,ag,laufenden,jahr,neuerungen,entscheiden,hauptversammlung,2021,abstimmung,vorlegen,neben,vergütung,erhalten,mitglieder,aufsichtsrats,zahlungen,erstattung,auslagen,einzelne,mitglieder,aufsichtsrats,beziehen,darüber,hinaus,einkünfte,ausübung,aufsichtsratsmandaten,tochter,gesellschaften,rwe,ag,mitglieder,aufsichtsrats,selbstverpflich,tungserklärung,abgegeben,25˜,jährlichen,gesamtvergütung,steuern,œ,vorbehaltlich,etwaiger,verpflichtungen,abführung,vergütung,œ,kauf,rweaktien,einsetzen,aktien,dauer,mitgliedschaft,aufsichtsrat,rwe,ag,halten,vergangenen,jahr,mitglieder,vergütung,abführen,selbstverpflichtung,bezüglich,vergütung,2018,nachgekommen,diejenigen,mitglieder,2019,neu,gremium,aufgenommen,wurden,beginnt,selbstverpflichtung,anfang,2020,ausgezahlten,vergütung,geschäftsjahr,2019,tätigkeiten,ausschüssen,aufsichtsrats,543,tsd˜•,vorjahr,720,tsd˜•,mandatsvergütungen,tochtergesellschaften,struktur,vergütung,aufsichtsrats,vergütung,aufsichtsrats,satzung,rwe,ag,geregelt,danach,steht,vorsitzenden,aufsichtsrats,pro,geschäftsjahr,festvergütung,300,tsd˜•,stellvertreter,200,tsd˜•,gewährt,übrigen,mitglieder,aufsichtsrats,erhalten,100,tsd˜•,darüber,hinaus,vergütung,schusstätigkeiten,folgt,geregelt,mitglieder,prüfungsausschusses,bekommen,zusätzliches,entgelt,40,tsd˜•,vorsitzenden,ausschusses,erhöht,betrag,80,tsd˜•,sonstigen,ausschüssen,mitgliedern,vorsitzenden,zusätzlich,20,bzw,40,tsd˜•,gezahlt,œ,ausnahme,nominierungsausschusses,glieder,zusatzentgelt,erhalten,ausschusstätigkeit,vergütet,jeweilige,ausschuss,mindestens,geschäftsjahr,tätig,geworden,mitglieder,aufsichtsrats,gleichen,zeit,mehrere,ämter,gremium,ausüben,erhalten,vergütung,höchsten,vergütete,amt,übt,mitglied,aufsichtsrats,bestimmte,funktionen,teil,geschäftsjahres,vergütung,zeitanteilig,gewährthöhe,vergütung,aufsichtsrats,gesamtvergütung,aufsichtsratsmitglieder,auslagen,summierte,geschäftsjahr,2019,3304,tsd˜•,vorjahr,3480,tsd˜•,davon,entfielen,465,tsd˜•,vorjahr,460,tsd˜•,vergütungen,72,folgende,tabelle,zeigt,aufsichtsratsvergütung,personen,gremium,jahren,2018,undoder,2019,angehörten,1,aufsichtsratsmitglieder,jahresverlauf,gremium,ausgeschieden,beigetreten,erhalten,zeitanteilige,vergütung,2,mandatsvergütungen,tochtergesellschaften,insoweit,einbezogen,zeiträume,mitgliedschaft,aufsichtsrat,rwe,ag,entfallen,3,kaufmännische,rundung,einzelwerten,führen,tabelle,exakt,aufaddieren,vergütung,aufsichtsrats,1feste,vergütung,ausschussvergütung,mandatsvergütung,tochtergesell,schaften,2gesamtbezüge,3in,tsd˜•,20192018201920182019201820192018dr,werner,brandt,vorsitzender,300300œœœœ300300frank,bsirske,stellv,vorsitzender,200200œœ143200343400michael,bochinsky,seit,01082018,100424017œœ14059reiner,böhle,18092019,721001420œœ86120sandra,bossemeyer,1001002020œœ120120martin,bröker,seit,01092018,10033œœœœ10033anja,dubbert,seit,27092019,26œ1œœœ27œmatthias,dürbaum,seit,27092019,26œ1œœœ27œute,gerbaulet,100100œœœœ100100reinhold,gispert,31072018,œ58œ23œœœ81andreas,henrich,31082018,œ67œœœœœ67prof,dr,hanspeter,keitel,1001002020œœ120120dr,h˜c,monika,kircher,10010030œœœ130100monika,krebber,18092019,72100142086120172240harald,louis,10010020202020140140dagmar,mühlenfeld,1001002020œœ120120peter,ottmann,1001002020œœ120120günther,schartz,1001002020œœ120120dr,erhard,schipporeit,1001008080215300395480dr,wolfgang,schüssel,1001002540œœ125140ullrich,sierau,1001004040œœ140140ralf,sikorski,10010040405050190190marion,weckes,1001004040œœ140140leonhard,zubrowski,10010020203030150150gesamt,32296230046546054372033043480lagebericht,vergütungsbericht,73,erfolgsunabhängige,vergütung,vorstands,struktur,vergütung,vorstands,grundlegendes,struktur,höhe,vorstandsvergütung,aufsichtsrat,rwe,ag,festgelegt,regelmäßig,daraufhin,überprüft,angemessen,marktüblich,folgenden,erläuterte,vergütungs,system,seit,1,oktober,2016,angewendet,besteht,erfolgsunabhängigen,erfolgsabhängigen,komponenten,erstere,festgehalt,versor,gungsentgelt,sowie,sach,sonstige,bezüge,erfolgsabhängigen,komponenten,zählen,tantieme,langfristiger,vergütungsbestandteil,aktienbasierte,vergütung,empfänger,vorstandsvergütung,zurückliegenden,geschäftsjahr,erhielten,dr,rolf,martin,schmitz,dr,markus,krebber,leistungen,vorstandstätigkeiten,rwe,ag,rolf,martin,schmitz,seit,1,mai,2009,mitglied,vorstands,seit,15,oktober,2016,vorsitzender,vertrag,läuft,30,juni,2021,markus,krebber,wurde,1,oktober,2016,gremium,berufen,seit,15,oktober,2016,verantwortet,finanzressort,30,september,2024,vorstand,bestellt,festgehalt,versorgungsentgelt,mitglieder,vorstands,rwe,ag,beziehen,jährliches,festgehalt,zwölf,monatlichen,raten,ausbezahlt,zweite,fixe,vergütungskomponente,steht,dienstjahr,individuell,festgelegter,betrag,versorgungsentgelt,sofern,œ,fall,rolf,martin,schmitz,œ,bereits,einführung,versorgungsentgelts,vorstand,angehörten,deshalb,pensionszusage,erhalten,siehe,seite,78,versorgungsentgelt,wahlweise,bar,ausgezahlt,zugunsten,späteren,versorgungsleistung,vollständig,anteilig,bruttoentgeltumwandlung,wertgleiche,versorgungszusage,überführt,finanzierung,versorgungszusage,rwe,rückdeckungsversicherung,abgeschlossen,aufgebaute,kapital,eintritt,vorstandsmitglieds,ruhestand,abrufbar,frühestens,vollendung,62,lebensjahres,regelaltersgrenze,erreichen,standsmitglieder,rwe,ag,63,jahren,danach,wiederbestellung,jeweils,jahr,möglich,maximal,jedoch,vollendung,65,lebensjahres,vorstandsmitglieder,beim,wechsel,ruhestand,einmalzahlung,ratenzahlung,maximal,neun,teilbeträgen,wählen,weitere,versorgungsleistungen,erhalten,hinterbliebenen,soweit,rahmen,früherer,tätigkeiten,rwe,konzern,ruhegeldansprüche,erworben,wurden,bleiben,unverändert,bestehen,sach,sonstige,bezüge,erfolgsunabhängigen,vergütungsbestandteilen,gehören,sach,sonstigen,bezüge,bestehen,wesentlichen,dienstwagennutzung,prämien,unfallversicherung,erfolgsabhängige,vergütung,vorstands,tantieme,vorstandsmitglieder,erhalten,tantieme,sowohl,wirtschaftlichen,entwicklung,unternehmens,erreichung,individueller,kollektiver,ziele,vorstands,abhängt,ausgangspunkt,ermittlung,sogenannte,unternehmenstantieme,hängt,davon,ab,hoch,vergütungsrelevante,ebit,jeweiligen,geschäftsjahr,ausfällt,basis,ermittlung,kennzahl,bereinigte,ebit,dabei,handelt,ebit,abzüglich,neutralen,ergebnisses,2019,vorjahr,bereinigte,ebit,seite,69,beschriebenen,methode,ermittelt,heißt,september,2019,eon,übernommene,tochtergesellschaft,innogy,ergebnis,ausschließlich,rwe,zustehenden,dividende,erfasst,regelungen,vorstandsvergütung,sehen,aufsichtsrat,anpassungen,bereinigten,ebit,vornehmen,eignung,größe,performancemessung,verbessern,anpassungen,u˜a,veräußerungsergebnisse,rückstellungsverän,derungen,sowie,außerplanmäßige,abschreibungen,deren,folgewirkungen,betreffen,bereinigte,ebit,vergütungsrelevante,ebit,überführt,74,unternehmenstantieme,folgendermaßen,ermittelt,beginn,jeweiligen,geschäftsjahres,legt,aufsichts,rat,zielwert,sowie,obergrenze,vergütungsrelevante,ebit,fest,ablauf,geschäftsjahres,tatsächlich,erreichte,bereinigte,ebit,festgestellt,daraus,erläuterten,anpas,sungen,erreichte,vergütungsrelevante,ebit,abgeleitet,stimmt,ebitzielwert,überein,beträgt,zielerreichung,100˜,unternehmenstantieme,ent,spricht,vertraglich,festgelegten,tantiemebudget,liegt,vergütungsrelevante,ebit,exakt,vorab,definierten,untergrenze,beträgt,zielerreichung,50˜,liegt,obergrenze,beträgt,zielerreichung,150˜,dazwischen,liegenden,wertebereich,zielerreichung,linear,angepasst,vergütungsrelevante,ebit,niedriger,untergrenze,unternehmens,tantieme,gezahlt,obergrenze,überschritten,bleibt,maximalen,zielerreichung,150˜,ermittlung,individuellen,tantieme,unterneh,menstantieme,faktor,multipliziert,persönliche,leistung,jeweiligen,vorstandsmitglieds,wiedergibt,höhe,leistungsfaktors,hängt,erreichung,1,individueller,ziele,2,allgemeiner,kollektiver,ziele,sowie,3,kollektiver,ziele,gebiet,corporate,responsibility,cr,mitarbeitermotivation,ab,wobei,genannten,zielkategorien,jeweils,drittel,gewichtet,zielerreichung,0,200˜,liegen,daraus,abgeleitete,leistungsfaktor,80,120˜,begrenzt,heißt,vorstandsmitglied,individuellen,kollektiven,ziele,beispielsweise,150˜,erreicht,beträgt,leistungs,faktor,—nurﬁ,120˜,ablauf,geschäftsjahres,bewertet,aufsichts,rat,leistung,vorstandsmitglieder,drei,genannten,kategorien,bestimmt,individuellen,leistungsfaktoren,geschieht,maßgabe,ziele,zielwerte,beginn,geschäftsjahres,verbindlich,festgelegt,ermittelte,tantieme,ablauf,geschäftsjahres,vollständig,vorstandsmitglieder,ausgezahlt,aktienbasierte,vergütung,mitgliedern,vorstands,außerdem,vergütung,sogenannten,strategic,performance,plan,kurz,spp,gewährt,erreichen,langfristiger,ziele,honoriert,maßgeblich,erfolg,dabei,gesamtrendite,rwestammaktie,kursentwicklung,dividende,performance,verknüpfung,vergütung,langfristigen,aktienperformance,vorstand,darin,bestärkt,entscheidungen,perspektive,unternehmens,eigentümer,einzunehmen,weiterer,erfolgsfaktor,beim,spp,vergütungsrelevante,nettoergebnis,jeweili,gen,geschäftsjahr,kennzahl,bereinig,ten,nettoergebnis,abgeleitet,letzteres,entspricht,nettoergebnis,abzüglich,neutralen,ergebnisses,weiterer,wesentlicher,sondersachverhalte,mitsamt,auswirkungen,ertragsteuern,ebenso,bereinigte,ebit,seite,69,beschrie,benen,methode,ermittelt,innogy,ausschließlich,rwe,zustehenden,dividende,berücksichtigt,planbedingungen,spp,sehen,aufsichtsrat,bereinigte,nettoergebnis,begrenztem,umfang,abschließend,definierten,fällen,anpassen,darf,vergütungsrelevante,nettoergebnis,ermitteln,anpassungen,zulässig,auswirkungen,unvorhergesehener,ereignisse,kapitalmaßnahmen,akquisitionen,veräußerungen,regulatorische,änderun,gen,berücksichtigt,spp,basiert,sogenannten,performance,share,deren,laufzeit,vestingperiode,jeweilige,geschäftsjahr,drei,folgejahre,erstreckt,vorstandsmitglieder,erhalten,beginn,geschäfts,jahres,zuteilungsschreiben,individueller,bruttozuteilungsbetrag,aufgeführt,œ,vorläufige,œ,anzahl,performance,share,ergibt,betrag,mittleren,xetraschlusskurs,rwe,aktie,letzten,30,börsenhandelstagen,gewährung,geteilt,erst,ablauf,geschäftsjahres,entscheidet,viele,performance,share,endgültig,zugeteilt,maßgeblich,dafür,vergütungsrelevante,nettoergeb,ni,jeweiligen,geschäftsjahr,dabei,istwert,vorab,definierten,zielwert,verglichen,vorgehen,ähnlich,bestimmung,unternehmenstan,tieme,aufsichtsrat,legt,vorfeld,zielwert,untergrenze,obergrenze,vergütungsrele,vante,nettoergebnis,fest,wobei,genehmigten,mittelfristplanung,orientiert,entspricht,erreichte,ergebnis,exakt,zielwert,100˜,vorläufig,zugeteilten,performance,share,final,festgeschrieben,liegt,vergütungsrelevante,nettoergebnis,exakt,untergrenze,50˜,vorläufig,gewährten,perfor,mance,share,final,zugeteilt,liegt,obergrenze,beträgt,endgültige,zuteilung,150˜,schreitung,untergrenze,verfallen,sämtliche,vorläufig,gewährten,performance,share,tranche,vollständig,ersatzlos,obergrenze,überschritten,bleibt,maximalen,zuteilung,150˜,lagebericht,vergütungsbericht,75,ablauf,vierjährigen,vestingperiode,endgültig,zugeteilten,performance,share,bar,mitglieder,vorstands,ausbezahlt,auszahlungs,betrag,hängt,performance,rwestammaktie,ab,entspricht,anzahl,final,festgeschriebenen,performance,share,multipliziert,summe,durchschnittlichen,xetraschlusskurs,rweaktie,30,börsenhandelstage,ende,vestingperiode,aufgelaufenen,dividenden,letzten,drei,jahre,allerdings,gibt,deckelung,extrem,guten,aktienperformance,auszahlung,höchstens,200˜,anfänglich,gewährten,bruttozutei,lungsbetrags,begrenzt,vorstandsmitglieder,verpflichtet,25˜,auszah,lungsbetrags,steuern,rweaktien,reinvestieren,aktien,müssen,mindestens,ende,dritten,jahres,ablauf,vestingperiode,gehalten,ausscheiden,vorstandsmitglieds,ende,vertragslaufzeit,bleiben,performance,share,unverändert,bestehen,ende,vesting,periode,plangemäß,ausgezahlt,scheidet,vorstandsmit,glied,eigenen,wunsch,vorzeitig,gesellschaft,wichtigem,grund,außerordentlich,gekündigt,verfallen,performance,share,ende,vestingperiode,erreicht,spp,enthält,überdies,sogenannte,malusregelung,danach,aufsichtsrat,fehlverhalten,vorstandsmit,gliedern,z˜b,gravierende,verstöße,verhaltens,kodex,gesellschaft,kürzung,vollständi,gen,streichung,laufender,spptranchen,ahnden,einführung,spp,jahr,2016,aufsichts,rat,zunächst,übergangstranche,2016,drei,weitere,reguläre,tranchen,jahre,2017,2018,2019,festgelegt,dabei,zielwerte,berei,nigte,nettoergebnis,erläuterten,ober,grenzen,fixiert,worden,aufgrund,entwicklungen,festlegung,werte,absehbar,aufsichtsrat,nachträgliche,anpassungen,vorgenom,men,tranchen,2018,2019,bezogen,wurde,bereinigte,nettoergebnis,mehr,ifrsnettoergebnis,hergeleitet,bereits,erläuterten,methode,innogy,lediglich,rwe,zustehenden,dividende,berücksichtigt,dement,sprechend,zielwerte,sowie,oberen,unteren,grenzen,vergütungsrelevante,nettoergeb,ni,nachträglich,angepasst,worden,mandatsbezüge,mitglieder,vorstands,rwe,ag,erhielten,abgelaufenen,geschäftsjahr,bezüge,wahrnehmung,aufsichtsratsmandaten,konzernver,bundenen,unternehmen,bezüge,vollständig,tantieme,angerechnet,führen,höheren,gesamtbezügen,anteile,einzelkomponenten,gesamtvergütung,unterstellt,unternehmen,vorstands,mitglieder,zielvorgaben,100˜,erreichen,ergibt,etwa,folgende,vergütungsstruktur,festgehalt,macht,rund,30˜,gesamtvergütung,kurzfristige,variable,vergütung,tantieme,entfällt,anteil,etwa,30˜,spp,langfristige,vergütungskomponente,entspricht,rund,40˜,gesamtvergütung,begrenzung,vorstandsvergütung,bereits,erläutert,variablen,vergütungsbestandteile,höhe,oben,begrenzt,unternehmenstantieme,beträgt,maximal,150˜,vertraglich,vereinbarten,tantiemebud,get,multipliziert,individuellen,leistungs,faktor,80,120˜,höchstens,180˜,tantie,mebudgets,erreicht,aktienbasierte,vergütung,spp,gilt,auszahlung,performance,share,ablauf,vestingperiode,maximal,200˜,zuteilungsbudgets,liegen,wegen,genannten,maximalwerte,gibt,obergrenze,gesamt,vergütung,siehe,schaubild,nächsten,seite,76,bandbreite,vorstandsvergütung,zeitliches,auszahlungsprofil,vorstandsvergütung,geschäftsjahr,auszahlungszeitpunkte,vorstandsmitglieder,erhalten,jährliche,festgehalt,zwölf,monatlichen,raten,versorgungsentgelt,jahresende,ausbezahlt,soweit,versorgungszusage,überführt,worden,ablauf,geschäftsjahres,stellt,aufsichtsrat,zielerreichung,unternehmenstantieme,fest,bestimmt,individuellen,leistungsfaktor,tantieme,kommt,monat,hauptversammlung,auszahlung,jahresabschluss,rwe,ag,befasst,performance,share,spp,jahres,anfang,ablauf,vestingperiode,ausbezahlt,bereits,erläutert,müssen,vorstandsmitglieder,25˜,auszahlungsbetrags,rwestammaktien,investieren,dürfen,titel,erst,liquidieren,vierjährigen,vestingperiode,drei,weitere,kalenderjahre,vergangen,somit,dauert,insgesamt,sieben,jahre,vorstands,mitglieder,volle,vergütung,verfügen,obergrenze,164˜,budget,100˜,strategic,performance,plan,maximum,200˜,80˜strategic,performance,plan,100˜40˜tantieme,maximum,180˜,54˜untergrenze,30˜,tantieme,100˜30˜festgehalt,30˜festgehalt,30˜festgehalt,30˜versorgungs,entgelt,tantieme,strategic,performance,planauszahlung,monat,hauptversammlung,auszahlung,beginn,jahres,25˜,anlagein,rweaktien,ende,mindesthaltedauer,festgehalt,monatliche,auszahlung,auszahlung,jahresende,geschäftsjahr,jahr,2,jahr,3,jahr,4,jahr,5,jahr,6,jahr,7,lagebericht,vergütungsbericht,77,regelung,altersversorgung,einführung,bereits,beschriebenen,versorgungsentgelts,1,januar,2011,mitgliedern,vorstands,pensionszusa,ge,erteilt,worden,vorstandsmitgliedern,jahres,2019,betrifft,rolf,martin,schmitz,bereits,2009,erteilte,pensionszusage,unverändert,fortgeführt,gewährt,anspruch,lebenslanges,ruhe,geld,ausscheiden,vorstand,rwe,ag,erreichung,60,lebensjahres,dauerhafter,arbeitsunfähigkeit,gesellschaft,gehenden,vorzeitigen,beendigung,nichtverlängerung,dienstvertrags,gezahlt,todesfall,besteht,anspruch,hinterbliebenenversorgung,maßgeblich,höhe,ruhegeldes,hinterbliebenenversor,gung,ruhegeldfähige,einkommen,versor,gungsgrad,anzahl,dienstjahre,ergibt,wechsel,unternehmenskontrolle,fall,eintreten,aktionäre,dritte,kontrolle,unternehmen,erlangen,daraus,wesentliche,nachteile,vorstandsmitglieder,ergeben,sonderkündigungsrecht,amt,innerhalb,sechs,monaten,wechsel,unternehmens,kontrolle,niederlegen,beendigung,dienstver,hältnisses,gewährung,einmalzahlung,verlangen,kontrollerwerb,sinne,regelung,liegt,aktionär,mehrere,gemeinsam,handelnde,aktionäre,dritte,mindestens,30˜,stimmrechte,verei,nen,sonstige,art,beherrschenden,einfluss,gesellschaft,ausüben,wechsel,nehmenskontrolle,liegt,gesell,schaft,rechtsträger,verschmolzen,sei,wert,rechtsträgers,beträgt,ausweislich,vereinbarten,umtauschverhältnisses,weniger,50˜,wertes,rwe,ag,beendigung,dienstverhältnisses,aufgrund,wechsels,unternehmenskontrolle,erhält,vorstands,mitglied,einmalzahlung,höhe,ende,ursprünglich,vereinbarten,vertragslaufzeit,anfallenden,bezüge,höchstens,jedoch,dreifache,vertrag,lichen,jahresgesamtvergütung,aktienbasierte,vergü,tung,spp,eingerechnet,kommt,wechsel,unternehmenskontrolle,performance,share,spp,bereits,final,festgeschrieben,wurden,auszahlung,gelangt,vorzeitig,ausbezahlt,zeitpunkt,wechsels,unternehmenskontrolle,vorläufig,zugeteilten,performance,share,spp,verfallen,ersatz,entschädigungslos,vorzeitige,beendigung,vorstandstätigkeit,abfindungsobergrenze,dienstverträge,vorstands,enthalten,gemäß,empfehlung,deutschen,corpo,rate,governance,kodex,dcgk,vereinbarung,falle,vorzeitigen,beendigung,vorstandstätigkeit,wichtigen,grund,mehr,wert,ansprüche,restlaufzeit,vertrags,vergütet,höchstens,jedoch,wert,zwei,jahresgesamtvergütungen,einschließlich,nebenleistungen,abfindungsobergrenze,weiterentwicklung,vergütungssystems,geplant,vergangenen,jahr,vertretern,institutioneller,anleger,darüber,beraten,system,vorstandsver,gütung,weiterentwickelt,dabei,ging,u˜a,darum,gestiegenen,anforderungen,internationalen,kapitalmärkte,gerecht,basis,investoren,feedback,begonnen,vergütungs,system,wesentlichen,punkten,überarbeiten,grundgerüst,halten,fest,neuerungen,sollen,laufenden,jahr,aufsichtsrat,rwe,ag,verabschiedet,danach,neu,abgeschlossenen,arbeits,verträgen,anwendung,kommen,außerdem,hauptversammlung,2021,abstimmung,vorlegen,beschluss,aufsichtsrats,strategic,performance,plan,bislang,tranchen,2016,2019,umfasste,zunächst,unverändert,fortgeführt,dementsprechend,neue,zielwerte,sowie,ober,untergrenzen,vergütungsrelevante,nettoergebnis,festgelegt,worden,höhe,vergütung,vorstands,vergütung,vorstands,rwe,ag,vorgaben,deutschen,handelsgesetzbuchs,hgb,ermittelt,tätigkeit,geschäftsjahr,2019,erhielten,vorstandsmitglieder,insgesamt,7571,tsd˜•,vorjahreswert,6880,tsd˜•,gelegen,einzelnen,vergütungskomponenten,folgenden,tabelle,aufgeführt,78,ermittlung,unternehmens,tantieme,2019,2019,mio˜•,zielerreichung,in˜bereinigtes,ebit,1412œanpassungen1œ˜205œvergütungsrelevantes,ebit,1207135zielwert786100obergrenze,1386150untergrenze,186501,siehe,erläuterung,text,vergütungsrelevante,ebit,basis,tantieme,ermittelt,belief,abgelaufenen,geschäftsjahr,1207,mio˜•,bereinigten,ebit,1412,mio˜•,unterscheidet,anpassungen,denen,zielwerten,berücksichtigte,effekte,neutralisiert,beispielsweise,festlegung,zielwerts,erträge,möglichen,wiederein,führung,britischen,kapazitätsmarktes,eingeplant,worden,ergebniseffekt,verspäteten,kapazi,tätsvergütungen,2018,2019,wurde,deshalb,istwert,eliminiert,mittelfristplanung,abgeleitete,ebitzielwert,lag,786,mio˜•,zielerreichung,100˜,untergrenze,186,mio˜•,zielerreichung,50˜,obergrenze,1386,mio˜•,zielerreichung,150˜,zahlen,ergibt,2019,zielerreichung,135˜,heißt,unternehmens,tantieme,35˜,höher,jahresbeginn,fest,gelegte,tantiemebudget,höhe,vorstandsvergütung,hgb,tsd˜•,dr,rolf,martin,schmitz,dr,markus,krebber,gesamt,201920182019201820192018erfolgsunabhängig,118311801085106622682246davon,festgehalt,1160116076375019231910versorgungsentgelt,1œœ300300300300sach,sonstige,bezüge,232022164536erfolgsabhängig,303226362271199853034634tantieme,kurzfristig,17821386117189829532284davon,angerechnete,mandatseinkünfte,2115115146180261295zuteilungswert,performance,share,3,langfristig,125012501100110023502350gesamtvergütung,4215381633563064757168801,markus,krebber,ausbezahlte,versorgungsentgelt,teil,vergütung,hgb,jedoch,jährliche,dienstzeitaufwand,pensionszusage,rolf,martin,schmitz,2,einkünfte,wahrnehmung,konzerninterner,aufsichtsratsmandate,vollständig,tantieme,angerechnet,3,gemäß,hgb,wert,zuteilung,beginn,jeweiligen,geschäftsjahres,anzusetzen,lagebericht,vergütungsbericht,79,aufsichtsrat,vorstand,bescheinigt,individuellen,kollektiven,ziele,übererfüllt,wesent,liche,erfolgsfaktoren,zügige,reibungslose,umsetzung,tauschgeschäfts,eon,fort,schritt,transformation,rwe,führenden,erneuerbareenergienunternehmen,gewürdigt,wurde,kompromiss,bundesregierung,braunkohleausstieg,gefunden,konnte,vorstand,strategie,rwe,blick,zukunft,erneuerbaren,energien,kohleverstromung,entwickelt,weit,überdurchschnittliche,entwicklung,rweaktienkurses,rückmeldungen,investoren,gezeigt,kapitalmarkt,neue,strategie,gutheißt,hinblick,mitarbeitermotivation,mittels,regelmäßiger,erhebungen,unternehmen,gemessen,konnten,vorgaben,ebenfalls,mindes,ten,100˜,erfüllt,ausnahme,trifft,crziele,wesentlichen,co,2intensität,erzeugungsportfolios,arbeits,sicherheit,sowie,einhaltung,compliance,umwelt,sozialstandards,beziehen,einzige,zielunterschrei,tung,betraf,zahl,arbeitsunfälle,21,je,1,mio,geleistete,arbeitsstunden,vorab,festgelegten,obergrenze,19,lag,mitglieder,vorstands,kamen,rechnerisch,zielerreichung,jeweils,153˜,wegen,kappungsgren,ze,beträgt,leistungsfaktor,120˜,multiplikation,wertes,unternehmens,tantieme,135˜,ergibt,faktor,162˜˜,daraus,lässt,individuelle,tantieme,ableiten,rolf,martin,schmitz,1782,tsd˜•,markus,krebber,1171,tsd˜•,beläuft,beträge,entsprechen,162fachen,vorab,festgelegten,budgetwerte,1100,tsd˜•,schmitz,bzw,723,tsd˜•,krebber,ermittlung,tranche,2019,strategic,performance,plan,2019,mio˜•,zielerreichung,in˜bereinigtes,nettoergebnis,1210œanpassungen1œ˜363œvergütungsrelevantes,nettoergebnis,847150zielwert51100obergrenze,351150untergrenze,œ˜249501,siehe,erläuterung,text,gemäß,hgb,langfristige,erfolgsabhängige,vergütungs,komponente,wert,beginn,geschäftsjahres,vorläufig,zugeteilten,performance,share,anzugeben,seite,75,erläutert,hängt,höhe,end,gültigen,zuteilung,davon,ab,vergütungsrelevante,nettoergebnis,jeweiligen,geschäftsjahr,vergleich,vorab,definierten,zielwert,entwickelt,letzterer,aufsichtsrat,2019,51,mio˜•,angesetzt,worden,zuteilung,100˜,untergrenze,betrug,œ˜249,mio˜•,zuteilung,50˜,obergrenze,351,mio˜•,zuteilung,150˜,tatsächlich,erreichte,wert,lag,847,mio˜•,deutlich,obergrenze,dadurch,ergab,größtmögliche,zielerreichung,150˜,endgültige,zuteilung,performance,share,2019,somit,50˜,höher,vorläufige,vergütungsrelevante,nettoergebnis,bereinigten,nettoergebnis,1210,mio˜•,herausrechnen,ungeplanter,sachverhalte,abgeleitet,worden,beispielsweise,konzernabschluss,2016,hohe,wertberichti,gungen,kraftwerke,vorgenommen,damaligen,mittelfristplanung,enthalten,führten,planmäßigen,abschreibungen,deutlich,niedriger,ausfallen,einfluss,abschreibungen,wurde,eliminiert,gleiches,gilt,ertrag,britischen,erzeugungsgeschäft,wegen,nachzahlung,kapazitätsprämien,2018,erzielt,80,verpflichtungen,altregelung,altersversorgung,dienstzeitaufwand,service,cost,pensionsverpflich,tungen,gegenüber,rolf,martin,schmitz,lag,2019,554,tsd˜•,vorjahr,536,tsd˜•,dabei,handelt,vergütungsbestandteil,gemäß,hgb,ifrs,ermittelte,barwert,pensionsverpflichtung,defined,benefit,obligation,betrug,jahresende,14997,tsd˜•,vorjahr,13370,tsd˜•,barwert,pensionsverpflich,tung,hgb,belief,11894,tsd˜•,vorjahr,10534,tsd˜•,jahr,2019,erhöhte,pension,verpflichtung,1360,tsd˜•,vorjahr,1248,tsd˜•,maßgabe,ruhegeldfähigen,bezüge,31,dezember,2019,beträgt,voraussichtliche,jährliche,ruhegeld,rolf,martin,schmitz,planmäßigem,ausscheiden,gesellschaft,ablauf,bestellung,556,tsd˜•,gleicher,wert,vorjahr,darin,enthalten,ruhegeldansprüche,gegenüber,früheren,arbeitgebern,rwe,ag,übertragen,wurden,tabelle,unten,gibt,höhe,rückstellungen,verpflichtungen,aktienbasierten,vergütung,spp,zugeführt,worden,zuführung,rückstellungen,aktienbasierte,vergütungen,langfristiger,anreizwirkung,tsd˜•,20192018dr,rolf,martin,schmitz,27261413dr,markus,krebber,1982934summe47082347,vergütung,langfristiger,anreizwirkung,strategic,performance,plan,dr,markus,krebber,tranche,jahr,2019201820172016zuteilungsdatum,01012019010120180101201701012016zuteilungswert,tsd˜•,11001100988247durchschnittlicher,aktienkurs,•1910188011621378anzahl,vorläufig,zugeteilter,performance,share,stück,57592585118498317915bewertungsdatum31122019311220183112201731122017zielerreichung,vergütungsrelevantem,nettoergebnis,150123115115anzahl,endgültig,zugeteilter,performance,share,stück,86388719699773020602ende,vestingperiode,31122022311220213112202031122019vergütung,langfristiger,anreizwirkung,strategic,performance,plan,dr,rolf,martin,schmitz,tranche,jahr,2019201820172016zuteilungsdatum,01012019010120180101201701012016zuteilungswert,tsd˜•,125012501250769durchschnittlicher,aktienkurs,•1910188011621378anzahl,vorläufig,zugeteilter,performance,share,stück,654456648910757355787bewertungsdatum31122019311220183112201731122017zielerreichung,vergütungsrelevantem,nettoergebnis,150123115115anzahl,endgültig,zugeteilter,performance,share,stück,981688178112370964155ende,vestingperiode,31122022311220213112202031122019lagebericht,vergütungsbericht,81,empfehlungen,deutschen,corporate,governance,kodex,darstellung,vergütungssystems,orientieren,empfehlungen,dcgk,2019,maßgeblichen,fassung,7,februar,2017,danach,besteht,gesamtvergütung,vorstandsmitglieder,monetären,vergütungsbestandteilen,versor,gungszusagen,sonstigen,zusagen,nebenleistungen,art,leistungen,dritten,hinblick,vorstandstätigkeit,gewährt,ziffer,425,ab,3,kodex,benannt,vergütungskomponenten,offengelegt,sollen,abweichend,vorgaben,hgb,gehört,dcgk,jährliche,dienstzeit,aufwand,pensionszusagen,gesamtvergütung,dcgk,konkretisiert,empfohlene,darstellung,vorstandsvergütung,anhand,mustertabellen,denen,gewährung,zufluss,unterschieden,ł,dcgk,gelten,zuwendungen,vergütungen,gewährt,mitgliedern,vorstands,verbindlich,zugesagt,wurden,abweichend,hgb,dabei,irrelevant,umfang,vorstandsmit,glied,vergütete,arbeitsleistung,bereits,erbracht,ł,begriff,—zuflussﬁ,stellt,darauf,ab,umfang,vorstandsmitglieder,zahlungen,erhalten,dabei,kommt,termin,auszahlung,darauf,ab,wann,zahlung,hinreichend,sicher,kodex,getroffene,abgrenzung,sei,beispiel,tantieme,verdeutlicht,—gewährtﬁ,gilt,jeweilige,geschäftsjahr,vertraglich,vereinbarte,zuge,sagte,tantiemebudget,zuflusstabelle,dagegen,betrag,auszuweisen,hoher,wahrscheinlichkeit,tatsächlich,zufließen,zahlung,erst,folge,jahr,geleistet,dabei,irrelevant,zeitpunkt,zuflusses,gilt,bereits,erreicht,ermittlung,zielerreichung,tantieme,benötigten,kennzahlen,ergebnisse,hinreichender,sicherheit,feststehen,kodex,unterstellt,bereits,jahresende,fall,daher,vorstandstantieme,bereits,berichtsjahr,zuflusstabellen,nennen,folgenden,stellen,vorstandsvergütung,rwe,ag,anhand,dcgk,empfohlenen,muster,tabellen,dar,gewährte,zuwendungen,dr,rolf,martin,schmitz,vorstandsvorsitzender,seit,15102016dr,markus,krebber,finanzvorstand,seit,15102016in,tsd˜•,2019min,2019max,2019ist,2018,2019min,2019max,2019,2018ist,festvergütung,1160116011601160763763763750versorgungsentgelt,œœœœ300300300300sach,sonstige,bezüge,2323232022222216summe,festvergütung,11831183118311801085108510851066einjährige,variable,vergütung,tantieme,0198017821386013021171898mehrjährige,variable,vergütung,spp,02500125012500220011001100tranche,2018,laufzeit,2018˜˜2021,œœœ1250œœœ1100tranche,2019,laufzeit,2019˜œ˜2022,025001250œ022001100œsumme,variable,vergütung,04480303226360350222711998summe,variable,feste,vergütung,11835663421538161085458733563064versorgungsaufwand,554554554536œœœœgesamtvergütung,1737621747694352108545873356306482,zufluss,dr,rolf,martin,schmitz,vorstandsvorsitzender,seit,15102016dr,markus,krebber,finanzvorstand,seit,15102016in,tsd˜•,201920182019,2018,festvergütung,11601160763750versorgungsentgelt,œœ300300sach,sonstige,bezüge,23202216summe,festvergütung,1183118010851066einjährige,variable,vergütung,tantieme,178213861171898mehrjährige,variable,vergütung,spp,1538œ494œauszahlung,tranche,2016,1538œ494œsumme,variable,vergütung,332013861665898summe,feste,variable,vergütung,4503256627501964versorgungsaufwand,554536œœgesamtvergütung,5057310227501964lagebericht,vergütungsbericht,83,verteilung,risikomanagementaufgaben,rwe,zuständig,konzernrisikomanagement,rwe,ag,vorstand,konzernmutter,überwacht,steuert,gesamtrisiko,gesellschaft,nachgeordneten,unternehmen,außerdem,entscheidet,generelle,risikobereitschaft,definiert,obergren,zen,einzelne,risikopositionen,ebene,unterhalb,vorstands,obliegt,bereich,controlling˜˜risiko,management,risikomanagementsystem,anzuwenden,weiterzuentwickeln,bereich,leitet,vorstand,festgelegten,risiko,obergrenzen,detaillierte,limite,einzelnen,geschäftsfelder,operativen,einheiten,ab,aufgaben,gehört,erfassten,risiken,vollständigkeit,plausibilität,prüfen,aggregieren,dabei,unterstützt,risikomanagement,ausschuss,leitern,folgender,fünf,bereiche,rwe,ag,zusammensetzt,controlling˜˜risikomanagement,vorsitz,finanzen˜˜kredit,risiko,rechnungswesen,recht˜˜versicherung,unternehmens,entwicklung,bereich,controlling˜˜risiko,manage,ment,berichtet,vorstand,aufsichtsrat,rwe,ag,regel,mäßig,risikolage,unternehmens,darüber,hinaus,folgende,organisationseinheiten,risikomanagementaufgaben,betraut,ł,finanzwirtschaftliche,risiken,kreditrisiken,bereich,finanzen˜˜kreditrisiko,gesteuert,finanzvorstand,rwe,ag,unterstellt,ł,ebenfalls,finanzvorstand,zugeordnete,bereich,rechnungswesen,kümmert,darum,finanz,berichterstattung,materiellen,fehler,enthält,nutzt,rechnungslegungsbezogenes,interne,kontroll,system,qualitätssicherung,finanz,bericht,erstattung,wirkt,komitee,verantwor,tlichen,rechnungswesens,weiterer,rechnungslegungsrelevanter,bereiche,besteht,nähere,erläuterungen,finden,seite,92,ł,bereich,interne,revision˜˜compliance,achtet,darauf,rweverhaltenskodex,eingehalten,widmet,dabei,vorrangig,verhinderung,kor,ruption,berichtet,vorstandsvorsitzenden,rwe,ag,œ,sollten,mitglieder,vorstands,betroffen,œ,direkt,aufsichtsratsvorsitzenden,vorsitzenden,prüfungsausschusses,aufsichtsrats,ł,risiken,schwankungen,commoditypreisen,soweit,konventionelle,stromerzeugung,energiehandel,gasgeschäft,betreffen,rwe,supply˜˜trading,überwacht,ł,strategien,begrenzung,marktrisiken,konventionellen,stromerzeugung,dienen,müssen,commodity,managementkomitee,genehmigt,mitglieder,expertenkreises,finanzvorstand,rwe,ag,personen,geschäfts,führung,rwe,supply˜˜trading,vertreter,bereichs,controlling˜˜risikomanagement,ł,gremium,vorgenannte,gibt,seit,oktober,2019,marktrisiken,erneuerbaren,energien,renewablescommoditymanagement,komitee,besteht,finanzvorstand,rwe,ag,mitgliedern,geschäftsführung,rwe,renewables,gmbh,vertreter,bereichs,controlling˜˜risiko,management,ł,strategischen,leitlinien,verwaltung,finanzanlagen,einschließlich,mittel,rwe,pension,treuhand,e˜v,bestimmt,assetmanagementkomitee,gehören,folgende,personen,finanzvorstand,rwe,ag,finanzen,zuständige,geschäftsführer,rwe,supply˜˜trading,leiter,bereiche,cont,rolling˜˜risikomanagement,finanzen˜˜kreditrisiko,portfolio,managementmergers˜˜acquisitions,sowie,œ,letztgenannten,bereich,œ,leiter,abteilung,financial,asset,management,113,entwicklung,risiken,chancen,risikolage,rwe,2019,verbessert,wichtig,eukommission,grünes,licht,tauschgeschäft,eon,gegeben,erneuerbareenergiengeschäft,neues,operative,standbein,hohen,regulierten,erträgen,profitabler,krisen,resistenter,dennoch,bleibt,rwe,risiken,ausgesetzt,beispielsweise,besteht,gefahr,belastungen,deutschen,kohleausstieg,höher,erwartet,weitere,wesentliche,risiken,erfassen,bewerten,steuern,mithilfe,bewährten,konzernrisikomanagementsystems,dabei,hilft,rwe,trotz,fortwährenden,unwägbarkeiten,geschäft,sicherem,kurs,halten,84,1˜,˚,w,˚,10˜,10˜,w˜˚,20˜,20˜,w˜˚,50˜,w˜,50˜eintrittswahrscheinlichkeit,w,geringes,risiko,mittleres,risiko,hohes,risiko,möglicher,schaden,1kategorie,v,kategorie,iv,kategorie,iii,kategorie,ii,kategorie,i,risikomatrix,rwe,ag,fachlicher,führung,genannten,organisationsein,heiten,rwe,ag,operativen,tochtergesell,schaften,dafür,verantwortlich,risiken,frühzeitig,erkannt,richtig,bewertet,zentralen,vorgaben,gesteuert,qualität,funktions,fähigkeit,risikomanage,mentsystems,regel,mäßig,internen,revision,begutachtet,risikomanagement,kontinuierlicher,prozess,risiken,chancen,definiert,negative,bzw,positive,abweichungen,planwerten,management,kontinuierlicher,vorgang,betrieblichen,abläufe,integriert,ermitteln,risiken,halbjahresrhythmus,mithilfe,bottomupanalyse,turnus,gemäßen,erhebungszeitpunkten,prüfen,risiko,lage,wesentliche,veränderungen,vorstand,rwe,ag,umgehend,mitgeteilt,führungs,aufsichtsgremien,lassen,pro,quartal,risiken,konzerns,informieren,1,aggregiert,jahre,2020,2022,2,nettoergebnis,nettoschulden,eigenkapital,seit,verkauf,innogy,entsprechend,ifrskonsolidierungsgrundsätzen,definiert,zuvor,seite,69,dargestellten,methode,ermittelt,worden,innogy,reine,finanzbeteiligung,erfasst,wurde,möglicher,schaden,1in,mio˜•,ergebnisrisiken,mögliche,auswirkung,nettoergebnis,2verschuldungseigenkapitalrisiken,mögliche,auswirkung,nettoschulden,2,eigenkapital,2kategorie,v,˛,8000˛,8000kategorie,iv,˛,1500,8000˛,4000,8000kategorie,iii,˛,600,1500˛,2000,4000kategorie,ii,˛,300,600˛,1000,2000kategorie,i,300,1000,lagebericht,entwicklung,risiken,chancen,85,risikoklassen,einstufung,höchsten,einzelrisikos,3112201931122018marktrisiken,mittel,mittel,regulatorische,politische,risiken,hochhochrechtliche,risiken,geringmittel,operative,risiken,mittel,mittel,finanzwirtschaftliche,risiken,mittel,mittel,bonität,geschäftspartnern,mittel,mittel,sonstige,risiken,geringhochunsere,analyse,risiken,bezieht,i˜d˜r,dreijahreszeitraum,unserer,mittelfristplanung,einzelfällen,darüber,hinausreichen,möglichen,schaden,messen,anhand,auswirkungen,nettoergebnis,nettoschulden,eigenkapital,absicherungsmaßnahmen,z˜b,hedge,transaktionen,dabei,mitberücksichtigt,definieren,möglichen,schaden,abweichung,jeweiligen,planwert,kumuliert,dreijährigen,planungszeit,raum,wesentlichen,risiken,stellen,matrix,dar,siehe,abbildung,vorherigen,seite,kategori,sieren,anhand,potenziellen,schadens,höhe,eintrittswahrscheinlichkeit,mehrere,risiken,gleiche,ursache,möglichkeit,einzigen,risiko,zusammengefasst,eindeutige,zuordnung,matrixfeldern,vornehmen,schwellenwerte,nettoergebnis,nettoschulden,eigenkapital,definiert,risikotragfähig,keit,rwekonzerns,orientieren,tabelle,matrix,aufgeführt,je,position,matrix,stufen,risiken,gering,mittel,hoch,grundlage,systematischen,risikoerfassung,feststellen,handlungsbedarf,besteht,gegebenen,fall,entsprechende,maßnahmen,einleiten,wesentliche,risiken,rwekonzern,risiken,lassen,ursachen,sieben,klassen,einteilen,tabelle,oben,aufgeführt,dabei,entscheidet,höchste,einzelrisiko,darüber,risiko,gesamten,klasse,beigemessen,gegenwärtig,regulatorischen,politischen,risiken,hoch,eingestuft,ergeben,erster,linie,kohleausstieg,deutschland,schon,heute,steht,fest,zugesagten,kompensationen,ausreichen,finanziellen,schaden,frühzeiti,gen,schließung,kraftwerken,tagebauen,auszuglei,chen,lücke,vergrößern,fall,belastungen,höher,geplant,ferner,besteht,gefahr,regulatorische,druck,braunkoh,legeschäft,trotz,ausstiegsvereinbarung,steigt,position,—sonstige,risikenﬁ,sehen,hohes,risiko,mehr,vergangenen,jahr,darunter,mögliche,scheitern,tauschgeschäfts,eon,berücksichtigt,seitdem,transaktion,genehmigt,großen,teil,umgesetzt,worden,sonstigen,risiken,gering,folgenden,erläutern,wesentlichen,risiken,chancen,zeigen,maßnahmen,gefahr,negativer,entwicklungen,begegnen,ł,marktrisiken,meisten,ländern,denen,aktiv,energiesektor,freie,preisbildung,ge,kennzeichnet,fallende,notierungen,stromgroß,handelsmärkten,führen,erzeugungs,anlage,wirtschaftlichkeit,einbüßen,betrifft,kraftwerke,windparks,erneuerbareenergienanlagen,festen,speisevergütungen,gefördert,rückläufige,strom,preise,außerplanmäßigen,abschreibungen,führen,strombezugsverträgen,denen,fixe,konditionen,vereinbart,besteht,gefahr,mehr,strom,bezahlen,müssen,weiterverkauf,markt,einnehmen,gegebenenfalls,müssen,rückstellungen,bilden,risiko,sehen,u˜a,beiden,20052006,abgeschlossenen,kontrakten,86,strombezüge,1055mwsteinkohlekraft,werk,datteln,4,anlage,einschätzung,betreibers,uniper,sommer,2020,an,netz,gehen,zehn,jahre,später,geplant,bezugsverträge,anpassen,kündigen,deshalb,rechts,eingeschlagen,stromgroßhandelspreise,wichtigsten,erzeu,gungsmärkten,deutschland,großbritannien,nieder,lande,liegen,heute,weit,tiefstständen,2016,ausschlaggebend,dafür,preisentwicklung,brennstoffen,co,2emissionsrechten,ausge,schlossen,stromnotierungen,stark,druck,geraten,fortge,setzte,ausbau,erneuerbaren,energien,beitragen,sehen,chance,positiven,preis,entwicklung,zuletzt,wegen,deutschen,kern,energie,kohleausstiegs,abbau,gesicherter,erzeugungsleistung,vermehrten,auftreten,knappheitsphasen,hohen,strompreisen,kommen,preisrisiken,beschaffungs,absatz,märkten,bewerten,anhand,aktueller,notierungen,terminhandel,erwarteter,volatilitäten,kraftwerke,begrenzen,risiken,dadurch,strom,größtenteils,termin,verkaufen,dabei,erzeugung,benötigten,brennstoffe,co,2emissionsrechte,preislich,absichern,commodity,positionen,abzusichern,setzen,finanzinstrumente,konzernabschluss,instrumente,œ,begrenzung,zins,währungsrisiken,dienen,œ,zumeist,ausweis,bilanzieller,sicherungsbeziehungen,abgebildet,nähere,ausführungen,finden,seite,113˜ff,anhang,beim,management,commoditypreisrisiken,nimmt,rwe,supply˜˜trading,zentrale,rolle,gesell,schaft,schnittstelle,konzerns,weltweiten,großhandelsmärkten,strom,energie,rohstoffe,auftrag,rechnung,kraftwerks,gesellschaften,vermarktet,große,teile,unserer,erzeugungsposition,kauft,stromproduktion,notwendigen,brennstoffe,co,2zertifikate,funktion,rwe,supply˜˜trading,interner,trans,aktions,partner,erleichtert,risiken,preis,schwankungen,energiemärkten,begrenzen,handelsgeschäfte,dienen,allerdings,ausschließlich,risikominderung,risikolimite,begrenz,ten,umfang,geht,rwe,supply˜˜trading,commodity,positionen,gewinne,erzielen,risikomanagementsystem,energiehandel,eng,bestpracticeregelungen,angelehnt,handel,geschäfte,banken,gelten,gehört,transak,tionen,dritten,abgeschlossen,verbundenen,risiken,innerhalb,genehmigter,grenzen,bewegen,richtlinien,geben,commodity,preisrisiken,zusammen,hängenden,kredit,risiken,umzugehen,tochter,gesellschaften,überwachen,commoditypositionen,fortlaufend,risiken,reinen,handelsgeschäften,rwe,supply˜˜trading,unterliegen,täglichen,kontrolle,zentraler,bedeutung,risikomessung,energiehandel,value,at,risk,var,gibt,wert,mögliche,verlust,risikoposi,tion,bestimmten,wahrscheinlichkeit,definierten,zeitspanne,überschreitet,varwerten,rwekonzern,liegt,konfidenzniveau,95˜,zugrunde,positionen,haltedauer,tag,unterstellt,heißt,var,stellt,tagesverlust,dar,wahrscheinlichkeit,95˜,überschritten,var,preisrisiken,commoditypositionen,handelsgeschäft,rwe,supply˜˜trading,darf,höchs,ten,40,mio˜•,betragen,vergangenen,jahr,belief,durchschnittlich,12,mio˜•,höchste,tageswert,lag,22,mio˜•,daneben,gibt,limite,einzelnen,handelstische,oben,genannten,varober,grenze,abgeleitet,außerdem,loten,stress,test,extremszenarien,ermitteln,deren,mögliche,folgen,ertragslage,steuern,risiken,hoch,halten,management,gasportfolios,geschäft,verflüssigtem,erdgas,lng,eigenen,organisa,tionseinheit,rwe,supply˜˜trading,gebündelt,aktivitäten,var,obergrenze,14,mio˜•,festgelegt,2019,kamen,schnittswert,6,mio˜•,höchste,tageswert,lag,8,mio˜•,mithilfe,varkonzepts,messen,stark,commoditypreisrisiken,denen,außerhalb,handelsgeschäfts,ausgesetzt,bereinigte,ebitda,rwekonzerns,auswirken,ermitteln,commodityrisikopositionen,einzelgesellschaften,gesamtrisiko,ergibt,rwe,hauptsächlich,stromproduktion,großteil,unserer,erzeugungsposition,2020,bereits,vollständig,abgesichert,verbleiben,jahr,geringe,marktpreisrisiken,chancen,zusätzliche,lagebericht,entwicklung,risiken,chancen,87,erträge,bieten,dadurch,einsatz,unserer,kraftwerke,flexibel,kurzfristige,marktentwicklungen,anpassen,britischen,erzeugungsgeschäft,hängt,ertrags,lage,entwicklung,preise,strom,brennstoffe,emissionsrechte,ab,höhe,prämien,teilnahme,nationalen,kapazitätsmarkt,erhalten,vergütungen,jährlichen,auktionen,ermittelt,je,angebot,nachfrage,unterschiedlich,hoch,ausfallen,marktrisiken,gasspeichergeschäft,ausgesetzt,transaktion,eon,bedeutung,gewonnen,seite,31,erläutert,hängen,erzielbaren,margen,hohem,maße,saisonalen,differenzen,beim,gaspreis,ab,preisunterschiede,groß,lassen,ausnutzen,unterschiede,hohe,erträge,erzielen,niedrig,fallen,erträge,gering,deutsche,gasspeichergeschäft,derzeit,überkapazi,täten,hohem,margendruck,geprägt,zuversichtlich,marktbedingungen,längere,sicht,verbessern,größten,marktrisiken,liegen,unverändert,kate,gorie,—mittelﬁ,ł,regulatorische,politische,risiken,energiever,sorgung,langfristiges,geschäft,wer,betreibt,stabile,verlässliche,rahmenbedingungen,ange,wiesen,gerade,konventionellen,strom,erzeugung,mehr,gegeben,ambitionierte,emission,minderungsziele,regierungen,kernmärkten,veranlasst,wiederholt,energie,sektor,einzugreifen,jüngste,beispiele,kohleaus,stiegsbeschlüsse,deutschland,nieder,landen,seite,42˜ff,ausführlich,informieren,bundesregierung,intensiven,verhand,lungen,vorzeitige,schließung,braunkohle,kraft,werken,tagebauen,verständigt,dafür,wurden,kompensationen,zugesagt,erwarteten,finanziellen,belastungen,voll,abdecken,zudem,sehen,risiko,tatsächlichen,belastungen,höher,ausfallen,geplant,œ,ergebniseinbußen,rwe,niederlanden,sieht,gesetzgebung,kohleausstieg,überhaupt,kom,pensationen,betroffenen,stromerzeuger,dennoch,bemühen,ausgleich,unserer,finanziellen,nachteile,leiten,nötigenfalls,rechtliche,schritte,sosehr,jüngsten,kohleausstiegsbeschlüsse,belasten,deeskalation,streit,kohleverstromung,beitragen,planungssicherheit,kraftwerksbetreiber,erhöhen,allerdings,bleibt,risiko,regulatorische,druck,ungeachtet,erhöht,etwa,einführung,co,2mindestpreisen,festlegung,extrem,restriktiver,grenzwerte,schadstoffemissionen,risiken,kernenergie,ausgesetzt,allerdings,wesentlich,geringerem,umfang,früher,seit,mitte,2017,deutschen,kernenergiefonds,dotiert,trägt,staat,gesamtverantwortung,endlagerung,unserer,radioaktiven,abfälle,entsorgungsaufgaben,zuständigkeitsbereich,verblieben,ergeben,allerdings,weiterhin,kostenrisiken,beispielsweise,lässt,ausschließen,rückbau,kernkraft,werke,teurer,veranschlagt,dementspre,chend,höhere,rückstellungen,bilden,müssen,ebenso,sehen,chance,synergien,kosteneinsparungen,verbessert,risikolage,beim,britischen,kapazitätsmarkt,november,2018,außer,kraft,gesetzt,worden,gericht,europäischen,union,2014,erteilte,beihilferechtliche,genehmigung,eukommission,unwirksam,erklärt,oktober,2019,kommission,kapazitätsmarkt,umfänglicher,prüfung,erneut,genehmigt,dadurch,konnten,kapazitätsvergütungen,aufgenommen,einbehaltene,prämien,nachträglich,ausbezahlt,innerhalb,bestehenden,regulatorischen,rahmens,risiken,ausgesetzt,z˜b,genehmi,gungen,bau,betrieb,produktionsanlagen,betrifft,tagebaue,kraftwerke,besteht,gefahr,genehmigungen,verspätet,gar,erteilt,bereits,erteilte,genehmigungen,vorübergehend,endgültig,entzogen,beispiel,dafür,oberverwaltungs,gericht,ovg,münster,oktober,2018,verfügte,vorläufige,stopp,rodung,hambacher,forstes,fortführung,tagebaus,hambach,beeinträchtigt,wurde,beim,ovg,anhängige,verfahren,dürfte,allerdings,bedeutung,verlieren,inzwischen,bundesregierung,erhalt,forstes,verständigt,deutschland,müssen,strom,kraftwerken,tagebauen,verbrauchen,umlage,erneuerbareenergiengesetz,eeg,88,entrichten,rechtslage,nutzung,sogenannten,eigenstromprivilegs,allerdings,unscharf,bedarf,einzelpunkten,höchstrichterlicher,klärung,beispiels,weise,hinblick,eegbefreiung,gepachteten,anlage,besteht,gefahr,möglichkeiten,eigenstromprivileg,profitieren,beschränkt,gegebenenfalls,sogar,nachzahlungen,vergangene,jahre,leisten,übernahme,erneuerbareenergien,geschäfts,eon,innogy,positionieren,gebiet,energiesektors,relativ,stabile,rahmenbedingungen,breite,gesellschaft,liche,akzeptanz,auszeichnet,allerdings,gibt,regulatorische,risiken,anpassungen,staatlichen,fördersysteme,führen,erziel,baren,ver,gütungen,verringern,neue,projekte,mehr,attraktiv,investitionsvorhaben,müssen,möglicherweise,abgebrochen,denkbar,fest,zugesagte,staatliche,vergütungen,nachträglich,gekürzt,dialog,politik,weisen,darauf,verlässliche,rahmenbedingungen,grund,voraussetzung,dafür,unternehmen,schaffung,nachhaltigen,klimafreundlichen,energie,infrastruktur,investieren,obwohl,regulatorischen,politischen,risiken,verringert,stufen,unverändert,—hochﬁ,größte,bedeutung,messen,dabei,belastungen,deutschen,kohleausstieg,zukommen,staatliche,kompen,sationszahlungen,aufgefangen,ł,rechtliche,risiken,einzelne,unternehmen,rwe,konzerns,geschäftsbetrieb,unternehmenskäufe,gerichtsprozesse,schieds,verfahren,involviert,mitunter,außer,gerichtliche,ansprüche,geltend,gemacht,darüber,hinaus,konzerngesellschaften,verschie,denen,behördlichen,verfahren,direkt,beteiligt,zumindest,deren,ergebnissen,betroffen,mögliche,verluste,schwebenden,verfahren,ordentlichen,gerichten,schiedsgerichten,œ,soweit,erforderlich,œ,rückstellungen,gebildet,risiken,freistellungen,garanti,en,ergeben,erwerbern,beim,verkauf,beteiligun,gen,eingeräumt,freistellungen,erreicht,verkäufer,risiken,aufkommt,rahmen,vorvertraglichen,unternehmensprüfung,erkannt,wurden,denen,unklar,eintreten,gegensatz,decken,garantien,risiken,ab,veräußerungszeitpunkt,unbekannt,beschriebenen,absicherungsinstrumente,standard,beim,verkauf,gesellschaften,beteiligungen,derzeit,sehen,geringe,rechtliche,risiken,ende,2019,wurde,schadensersatzklage,wegen,gescheiterten,joint,venture,russischen,sintezgruppe,abgewiesen,einziges,rechtsrisiko,kategorie,—mittelﬁ,weggefallen,ł,operative,risiken,rwe,betreibt,technologisch,komplexe,vernetzte,produktionsanlagen,z˜b,konventio,nelle,kraftwerke,tagebaue,große,windparks,land,meer,schäden,außerplanmäßigen,stillständen,erhebliche,ergebniseinbußen,möglich,anlage,gebaut,modernisiert,verzögerungen,eintreten,kosten,unplan,mäßig,steigen,etwa,infolge,unfällen,materialfehlern,verspäteten,zulieferungen,zeitaufwendigen,geneh,migungsverfahren,erneuerbareenergienanlagen,besteht,außerdem,gefahr,verspätete,inbetriebnahme,nachteilig,förderung,auswirkt,beschriebenen,risiken,begegnen,sorgfältigen,betriebs,projektmanagement,sowie,hohen,sicherheits,standard,darüber,hinaus,prüfen,warten,regel,mäßig,anlage,soweit,wirtschaft,lich,sinnvoll,schließen,versicherungen,ab,investitionen,besteht,risiko,erträge,erwartungen,bleiben,falle,akquisitionen,gezahlte,preis,rückblickend,hoch,erweisen,investitionsentscheidungen,anstehen,umfassende,analysen,finanziellen,strategischen,auswirkungen,realitäts,nah,abzubilden,außerdem,gibt,rwe,differenzierte,zuständigkeitsregelungen,genehmigungsprozesse,vorbereitung,umsetzung,entschei,dungen,einzuhalten,geschäftsprozesse,sichere,informa,tionsverarbeitungssysteme,unterstützt,gleich,wohl,ausschließen,mängel,verfügbarkeit,itinfrastruktur,datensicher,heit,auftreten,hohe,sicherheitsstandards,sollen,vorbeugen,darüber,hinaus,investieren,regelmäßig,modernisierung,hard,software,operativen,risiken,liegen,vorjahr,kategorie,—mittelﬁ,lagebericht,entwicklung,risiken,chancen,89,ł,finanzwirtschaftliche,risiken,marktzinsen,währungs,aktienkurse,sowie,sicherheitsleistungen,termin,geschäften,finanzlage,stark,beeinflussen,zinsrisiken,mehrfacher,hinsicht,ausgesetzt,beispielsweise,anstieg,marktzinsen,führen,kurse,wertpapieren,bestand,sinken,gilt,erster,linie,festverzinsliche,anleihen,var,zinsbedingte,kursrisiko,kapitalanlagen,rwe,ag,lag,vergangenen,jahr,durchschnittlich,5,mio˜•,steigen,zinsen,erhöhen,finanzierungskosten,risiko,messen,cash,flow,at,risk,cfar,dabei,legen,konfidenz,niveau,95˜,haltedauer,jahr,zugrunde,cfar,belief,2019,durchschnitt,lich,18,mio˜•,marktzinsniveau,beeinflusst,außerdem,höhe,unserer,rückstellungen,abzinsungs,faktoren,ermittlung,verpflichtungsbarwerte,orientieren,heißt,gleichen,bedingungen,steigen,rückstellungen,marktzinsen,fallen,verringern,marktzinsen,steigen,seite,144˜ff,anhang,stellen,dar,stark,veränderungen,zinsen,barwerte,unserer,pensionsverpflichtungen,kernenergie,bergbaurückstellungen,auswirken,wechselkursrisiken,ergeben,wegen,unserer,geschäftstätigkeit,großbritannien,usa,außerdem,energieträger,kohle,öl,usdollar,gehandelt,gesellschaften,operativ,rwe,ag,geführt,lassen,währungsrisiken,steuern,konzernmutter,aggregiert,risiken,netto,finanzposition,je,währung,sichert,nötigenfalls,ab,var,fremdwäh,rungsposition,rwe,ag,lag,berichtsjahr,durchschnittlich,2,mio˜•,wertpapieren,bestand,zählen,aktien,derzeit,größte,einzelposition,15˜anteil,eon,jahresende,2019,marktwert,38,mrd˜•,starke,kursveränderun,gen,eonaktie,finanzkraft,erheblich,beeinflussen,neben,beteiligung,eon,halten,umfangreiche,aktienbestände,asset,management,var,kursrisiko,papieren,eonanteil,betrug,2019,schnittlich,5,mio˜•,sicherheiten,termintransaktionen,stellen,liquidität,stark,beeinflussen,höhe,dadurch,bestimmt,stark,vertraglich,verein,barten,preise,marktnotierungen,jeweiligen,stichtag,abweichen,differenzen,erheblich,insbesondere,volatilen,märkten,zuletzt,wichtigen,commodity,deutliche,marktpreisschwankungen,beobachten,insbesondere,co,2emissionsrechten,entwicklung,birgt,risiken,allerdings,steigt,dadurch,chance,hohe,sicherheitsleistungen,kontraktpart,nern,erhalten,œ,verbunden,temporären,erhöhung,eigenkapitals,risiken,chancen,veränderungen,wertpapier,kursen,steuern,professionelles,fonds,management,finanzgeschäfte,konzernunterneh,men,gibt,handlungsrahmen,verantwortlichkeiten,kon,trollen,richtlinien,verankert,sämt,liche,finanzgeschäfte,speziellen,software,erfasst,rwe,ag,überwacht,konditionen,fremdkapitalmarkt,re,finanzieren,hängt,u˜a,davon,ab,bonität,internationale,ratingagenturen,bescheinigen,seite,63,erläutert,sehen,moody™s,fitch,kreditwürdigkeit,kategorie,—investment,gradeﬁ,stabilem,ausblick,allerdings,besteht,immer,möglich,keit,agenturen,einschätzungen,ändern,bonitätsnote,senken,dadurch,könnten,zusätz,liche,kosten,anfallen,fremd,kapital,aufnehmen,liquiditätsbedarf,besicherung,termingeschäften,dadurch,wahrscheinlich,erhöhen,wachstumsstrategie,gebiet,erneuer,baren,energien,sieht,jährlich,15,20,mrd˜•,zuzüglich,einnahmen,verkauf,projekt,anteilen,investitionen,einsetzen,dadurch,entsteht,risiko,fehlenden,zeitlichen,kongruenz,mittel,beschaffung,mittelverwendung,investitionen,oft,feste,zeitrahmen,gebunden,refinanzierung,erforderlichen,desinvestitionen,verspäten,scheitern,fällen,nettoschulden,œ,zumindest,temporär,œ,höher,ausfallen,ordnen,finanzwirtschaftlichen,risiken,vorjahr,kategorie,—mittelﬁ,90,ł,bonität,geschäftspartnern,geschäfts,beziehungen,großkunden,lieferanten,handelspart,nern,finanzinstituten,ergeben,kreditrisiken,verfolgen,entwicklung,bonität,unserer,trans,aktions,partner,zeitnah,beurteilen,kreditwürdig,keit,geschäftsbeziehung,anhand,interner,externer,rating,transaktionen,denen,bestimmte,genehmigungsschwellen,überschritten,sämtliche,handelsgeschäfte,gibt,kreditlimit,abschluss,festlegen,nötigenfalls,anpassen,etwa,veränderungen,bonität,mitunter,lassen,barsicherheiten,stellen,bankgarantien,geben,kreditrisiken,auslastungen,limite,messen,handel,finanzbereich,täglich,außerbörslichen,handelsgeschäften,vereinbaren,sicherheitsleistungen,außerdem,greifen,rahmen,verträge,zurück,z˜b,european,federation,of,energy,trader,efet,finanzderivaten,nutzen,deutschen,rahmenvertrag,finanztermingeschäfte,rahmenvertrag,international,swap,and,derivative,association,isda,risiken,bonität,geschäftspartnern,gehen,kate,gorie,—mittelﬁ,hinausł,sonstige,risiken,risikoklasse,gehören,u˜a,reputationsrisiken,risiken,complianceverstößen,kriminellen,handlungen,september,2019,möglichkeit,scheiterns,tausch,geschäfts,eon,berücksichtigt,risiko,wegen,enormen,schadenspotenzials,hoch,eingestuft,besteht,mehr,deshalb,gesamtrisiko,risikoklasse,gering,risiken,chancen,rwe,gesamtbeurteilung,unternehmensleitung,ausführungen,kapitel,zeigen,risikolage,rwe,insgesamt,verbessert,gefahr,scheiterns,tausch,geschäfts,eon,besteht,mehr,operative,geschäft,hohen,ergebnisbeitrag,erneuerbaren,energien,stabiler,krisenresistenter,wiedereinsetzung,britischen,kapazitätsmarktes,wirkt,positiv,dennoch,weiterhin,erheblichen,risiken,ausgesetzt,deutsche,kohleausstieg,negative,folgen,zugesagten,staatlichen,kompensationen,reichen,absehbaren,schaden,auszugleichen,lücke,sogar,vergrößern,fall,tatsächlichen,belastungen,erwartungen,übersteigen,positiv,ausstiegs,pfad,gewonnene,planungssicherheit,regulatorische,risiken,gibt,begrenztem,umfang,erneuerbaren,energien,könnten,kürzungen,staatlichen,förderung,führen,investitionsvorhaben,mehr,lohnen,rückwirkenden,eingriffen,fördersystem,könnten,bestandsanlagen,unrentabel,weitere,bedeutende,regulatorische,risiken,sehen,derzeit,euaustritt,großbritanniens,voraussicht,wesentlichen,auswirkungen,geschäft,neben,regulatorischen,umfeld,marktbedingungen,stark,verändern,stromerzeugung,ergeben,dadurch,risiken,rückläufigen,preisen,stromgroßhandel,drohen,margen,einbußen,allerdings,sehen,chance,positiver,preis,margenentwicklungen,hauptmarkt,deutschland,könnten,temporären,preisspitzen,profitieren,erwartenden,ver,knappung,konventioneller,erzeugungskapazitäten,ver,mehrt,auftreten,dürften,massive,umstrukturierungen,effizienzverbessernde,maßnahmen,strikte,investitionsdisziplin,rwekonzern,solides,finanzielles,fundament,gestellt,auswirkungen,risiken,liquidi,tät,analysieren,konservative,finanzierungsstrate,gie,verfolgen,gewährleisten,zahlungs,verpflichtungen,fristgerecht,erfüllen,verfügen,erhebliche,flüssige,mittel,großen,fremdfinanzie,rungsspielraum,debtissuanceprogramm,commercialpaperprogramm,syndizierte,kreditlinie,liquidität,planen,vorausschauend,basis,kurz,mittel,langfristigen,mittelbedarfe,konzern,gesellschaften,halten,hohe,mindestliquidität,täglicher,basis,dank,umfassenden,risikomanagementsystems,beschriebenen,maßnahmen,sicherung,unserer,finanz,ertragskraft,sehen,lage,aktuell,erkennbaren,risiken,rwe,beherrschen,zugleich,schaffen,voraussetzungen,dafür,zukunft,gewährleisten,lagebericht,entwicklung,risiken,chancen,91,rechnungslegungsbezogenes,interne,kontrollsystem,angaben,§§˜289,ab,4,315,ab,4,hgb,finanzberichterstattung,besteht,risiko,jahres,konzern,zwischenabschlüsse,falsch,darstellungen,enthalten,wesentlichen,einfluss,entscheidungen,adressaten,beispielsweise,hoch,ausgewiesenes,ergebnis,führen,kapitalanleger,unternehmen,investieren,rechnungslegungsbezogenes,interne,kontrollsystem,kurz,iks,zielt,darauf,ab,fehler,falschdarstellungen,vermeiden,nichteinhaltung,rechnungs,legungsvorschriften,ergeben,fundament,iks,rweverhaltens,kodex,formulierten,grundsätze,œ,voran,anspruch,vollständig,sachlich,korrekt,verständlich,zeitnah,informieren,œ,sowie,konzernweit,geltenden,richtlinien,darauf,aufbauend,sollen,mindestanforderungen,rechnungslegungsbezogenen,itsysteme,dafür,sorgen,daten,zuverlässig,erhoben,verar,beitet,rwe,ag,obliegt,iks,auszugestalten,überwachen,rechnungswesen,nimmt,aufgaben,wahr,dabei,konzernweit,gültiges,regelwerk,zurückgreifen,außerdem,komitee,eingerichtet,darauf,hinwirkt,iks,gesam,ten,konzern,hohen,ansprüchen,korrektheit,transparenz,heit,lichen,grundsätzen,—gelebtﬁ,iks,komitee,besteht,vertretern,bereiche,rechnungswesen,controlling˜˜risikomanagement,interne,revision˜˜compliance,sowie,verantwortlichen,funktionen,personal,einkauf,handel,finanzen,steuern,it,wichtige,rolle,rechnungs,legung,spielenjedes,jahr,unterziehen,iks,umfassenden,prüfung,dabei,untersuchen,ersten,schritt,risikosituation,angemessen,abgebildet,identifizierten,risiken,sachgerechte,kontrollen,gibt,zweiten,schritt,testen,wirksamkeit,kontrollen,beziehen,iksprüfungen,rechnungslegungsbe,zogene,prozesse,z˜b,aufstellung,einzelabschlüssen,konsolidierung,mitarbeitern,rechnungswesen,durchgeführt,prozessen,auftrag,dienstleistungszentren,abgewickelt,etwa,bearbeitung,rechnungen,angemessenheit,wirksamkeit,kontrollen,wirtschaftsprüfungsgesellschaft,bescheinigt,funktionen,finanzen,personal,einkauf,handel,it,dokumentieren,jeweils,verantwortlichen,vereinbarten,iksqualitätsstandards,entsprochen,wurde,darüber,hinaus,begleitet,interne,revision,iksprüfung,ergebnisse,untersuchungen,bericht,vorstand,rwe,ag,dokumentiert,überprüfung,2019,vorgenommen,iks,erneut,wirksam,erwiesen,test,bezogen,rwe,innogy,allerdings,inzwischen,veräußerte,tochtergesellschaft,oben,beschriebene,prüfverfahren,analog,angewendet,dabei,erzielten,ergebnisse,einschätzung,iks,rwe,eingeflossen,rahmen,externen,berichterstattung,legen,glieder,vorstands,rwe,ag,halbjahr,gesamtjahr,bilanzeid,ab,bestätigen,vorgeschriebenen,rechnungslegungsstandards,eingehalten,wurden,abschlüsse,tatsächlichen,verhältnissen,entsprechendes,bild,vermögens,finanz,ertragslage,vermitteln,prüfungsausschuss,aufsichtsrats,befasst,sitzungen,regelmäßig,wirksamkeit,iks,jahr,legt,vorstand,rwe,ag,bericht,92,114,prognosebericht,prognose,2020,neue,rwe,bereits,voll,reflektiert,geschäft,erneuerbaren,energien,september,2019,eon,übernommen,trägt,erstmals,ganzjährig,konzernergebnis,positiv,bereinigten,ebitda,niederschlagen,27,30,mrd˜•,veranschlagen,gegenüber,vorjahreswert,25,mrd˜•,wäre,deutliches,plus,dabei,profitieren,fortschreitenden,ausbau,unserer,windkraft,solarkapazitäten,energiehandel,dagegen,wohl,außergewöhnlich,gute,ergebnis,2019,anknüpfen,experten,rechnen,stabilem,wachstum,ersten,prognosen,globale,wirtschaftswachstum,2020,rund,25˜,etwa,hoch,vergangenen,jahr,konjunkturaussichten,euroraum,ebenfalls,2019,vergleichbar,wirtschaftsleistung,dürfte,etwa,1˜,steigen,deutschland,rechnen,experten,ähnlichen,wert,wachstum,niederlanden,wohl,erneut,durchschnitt,euroländer,liegen,perspektiven,großbritanniens,hängen,u˜a,davon,ab,land,engen,wirt,schaftsbeziehungen,eu,brexit,aufrecht,erhalten,fall,ja,anstieg,bruttoinlands,produkts,1˜,erreichbar,usa,wachstum,rund,2˜,geschätzt,stagnierender,stromverbrauch,erwartet,erwar,tungen,höhe,diesjährigen,stromverbrauchs,stützen,oben,dargestellten,konjunkturprogno,sen,deutsche,wirtschaft,erwarteten,ausmaß,wachsen,gegenüber,2019,stabilen,strom,nachfrage,rechnen,setzt,voraus,2019,beobachtete,rückgang,industrieproduktion,stoppen,kommt,allerdings,deutschland,œ,rwemärkten,œ,dämpfenden,effekten,energieeinsparungen,rechnen,stromverbrauch,großbritannien,dürfte,ebenfalls,vorjahresniveau,liegen,niederlanden,wegen,dynamische,ren,konjunktur,wohl,leicht,steigen,usa,erwarten,trotz,günstigen,wachstumsprognose,stagnierende,stromnachfrage,davon,ausgehen,energiebedarf,raumklimatisierung,verringert,dabei,unterstellen,sommertemperaturen,normal,niveau,niedriger,2019,stromproduktion,2020,bereits,größtenteils,termin,verkauft,künftige,entwicklung,commodity,preise,hängt,vielzahl,kaum,prognostizierbarer,faktoren,ab,diesjährige,ertragslage,hätte,geringen,einfluss,strom,produktion,2020,bereits,nahezu,vollständig,termin,verkauft,dafür,benötigten,brennstoffe,co,2emissions,rechte,preislich,abgesichert,transak,tionen,dreijährigem,vorlauf,getätigt,worden,dabei,realisierten,stromnotierungen,daher,deutlich,aktuellen,marktniveau,abweichen,strom,unserer,deutschen,braunkohle,kernkraftwerke,besonders,früh,termin,verkauft,2020,höhere,preise,realisiert,2019,abschluss,tauschgeschäfts,eon,vertrag,braunkohleausstieg,fokus,laufenden,ge,schäftsjahr,tauschgeschäft,eon,zügig,abschließen,sobald,fortgeführten,innogyaktivitäten,übertragen,worden,neue,rwe,rechtlicher,hinsicht,komplett,darüber,hinaus,deutsche,kohleausstieg,zentrales,thema,bleiben,nachdem,bundesregierung,ausstiegskonditionen,braunkohlekraftwerke,tagebaue,verständigt,gilt,öffentlichrechtlichen,vertrag,verankern,sicherstellen,rheinische,braunkohlewirt,schaft,rund,10000,beschäftigten,verläss,liche,perspektive,finanzberichterstattung,2020,spiegelt,neue,rwe,wider,diesjährigen,finanzberichterstattung,neue,rwe,bereits,anfang,reflektiert,september,2019,eon,rwe,übertragene,erneuerbare,energien,geschäft,gleichen,monat,transferier,ten,minderheitsanteile,kernkraftwerken,gundremmingen,emsland,2020,erstmals,ganzjährig,konzernergebnis,beitragen,daneben,beziehen,innogyaktivitäten,fortführen,weiterhin,zahlen,obwohl,rechtlich,eonkonzern,gehören,lagebericht,prognosebericht,93,ausblick,1in,mio˜•,2019,prognose,2020,bereinigtes,ebitda,24892700˜œ˜3000davon,kerngeschäft,21832150˜œ˜2450davon,offshore,wind,614900˜œ˜1100onshore,wind˜˜solar,295500˜œ˜600wasser˜˜biomasse˜˜gas,671550˜œ˜650energiehandel,731150˜œ˜350kohle˜˜kernenergie,307500˜œ˜600bereinigtes,ebit,12671200˜œ˜1500bereinigtes,nettoergebnis,œ850˜œ˜1150ab,2020,stellen,konzern,neuen,segment,struktur,dar,provisorischen,positionen,—fortgeführte,innogyaktivitätenﬁ,—übernommene,eonaktivitätenﬁ,aufgelöst,erzeugungsaktivitäten,maßgabe,verwendeten,energieträgers,neu,aufgeglie,dert,unterscheiden,folgenden,fünf,segmente,1,offshore,wind,2,onshore,wind˜˜solar,3,wasser˜˜bio,masse˜˜gas,4,energiehandel,5,kohle˜˜kernenergie,segmente,1,4,bilden,kerngeschäft,wachsen,5,fassen,deutsche,stromerzeugung,braunkohle,steinkohle,kern,energie,zusammen,technologien,gibt,staatlich,vorgegebene,ausstiegspfade,soda,rückbau,anlage,rekultivierung,tagebauflächen,vergleich,stromproduktion,bedeutung,gewinnen,zweck,vergleichbarkeit,zahlen,2019,neue,segmentstruktur,überführt,bereinigtes,ebitda,geschäftsjahr,2020,27,30,mrd˜•,veranschlagt,operative,ertrags,lage,dürfte,verbessern,rechnen,2020,bereinigten,ebitda,größenordnung,2700,3000,mio˜•,vorjahr,2489,mio˜•,davon,voraussichtlich,2150,2450,mio˜•,kern,geschäft,erwirtschaftet,erwarteten,betrieblichen,abschreibungen,rund,1500,mio˜•,ergibt,bereinigtes,konzernebit,korridor,1200,1500,mio˜•,vorjahr,1267,mio˜•,zahlen,berücksichtigt,dividendenerträge,unserer,15˜beteiligung,eon,finanzergebnis,erfassen,bereinigte,nettoergebnis,veranschlagen,850,1150,mio˜•,ifrsnettoergebnis,unterschei,det,dadurch,sondersachverhalten,geprägte,neutrale,ergebnis,weitere,wesentliche,sondereinflüsse,inklusive,darauf,entfallenden,steuern,herausgerechnet,beiden,vergangenen,jahre,bereinigtes,nettoergebnis,ermittelt,wegen,erheblichen,einmaleffekte,tauschge,schäft,eon,begrenzt,aussagefähig,wäre,positive,ergebnisentwicklung,erster,linie,erneuerbareenergiengeschäft,zuzuordnen,eon,übernommen,seit,18,septem,ber,2019,zahlen,erfassen,2020,erstmals,vollen,zwölf,monaten,ergebnis,beitragen,dagegen,rwe,supply˜˜trading,wohl,außergewöhnlich,gute,handelsperformance,vorjahres,anknüpfen,einzelnen,segmenten,ł,offshore,wind,segment,stellen,ge,schäft,offshorewindkraftanlagen,dar,2020,voraussichtlich,bereinigtes,ebitda,900,1100,mio˜•,erwirtschaften,gegenüber,vorjahreswert,614,mio˜•,übernommene,eongeschäft,dreieinhalb,monaten,berücksich,tigt,wurde,deutliches,plus,1,neue,segmentstruktur,vorjahreszahlen,wurden,angepasst,94,ł,onshore,wind˜˜solar,bündeln,aktivitäten,gebiet,onshorewindkraft,photo,voltaik,bereinigte,ebitda,segment,voraus,sichtlich,500,600,mio˜•,deutlich,vorjahreswert,295,mio˜•,liegen,neben,erst,mals,ganzjährigen,einbeziehung,eongeschäfts,inbetriebnahme,neuer,erzeugungskapazi,täten,ergebnisanstieg,beitragen,ł,wasser˜˜biomasse˜˜gas,segment,umfasst,laufwasser,pumpspeicher,biomasse,gaskraft,werke,niederländischen,steinkohlekraftwerke,amer,9,eemshaven,gehören,ver,stärkt,biomasse,mitverbrennen,daneben,stein,kohlekraftwerk,aberthaw,ende,2019,stillgelegt,wur,de,segment,berücksichtigt,außerdem,erfassen,379˜anteil,wasserkraft,spezialisierten,österreichischen,energieversorger,kelag,2020,rechnen,segment,berei,nigten,ebitda,550,650,mio˜•,gegenüber,2019,671,mio˜•,wäre,rückgang,hauptgrund,dafür,niedrigere,vergütungen,rahmen,britischen,kapazitätsmarktes,vergangenen,jahr,prämiennachzahlungen,2018,profitiert,ł,energiehandel,segment,ab,2020,deutschen,tschechischen,gasspeicher,innogy,enthalten,lange,sicht,erwarten,jah,resdurchschnittliches,bereinigtes,ebitda,größen,ordnung,250,mio˜•,meistens,dürfte,dabei,korridor,150,350,mio˜•,eingehalten,außergewöhnlich,hohen,ergebnis,2019,731,mio˜•,rechnen,laufende,geschäftsjahr,wert,innerhalb,angegebenen,korridors,ł,kohle˜˜kernenergie,erfassen,deutschen,braunkohle,steinkohle,kernkraftwerke,sowie,braunkohleförderung,rheinischen,revier,berei,nigte,ebitda,segment,veranschlagen,500,600,mio˜•,deutlich,oberhalb,jahreswerts,307,mio˜•,gründe,dafür,höhere,kraft,werksmargen,ganzjährige,ergebnis,effekt,übernahme,minderheitsanteile,kernkraft,werken,gundremmingen,emsland,sachinvestitionen,deutlich,vorjahr,investitionen,sachanlagen,immaterielle,vermögenswerte,wohl,wesentlich,höher,2019,2090,mio˜•,u˜a,eon,erhaltene,erneuerbareenergiengeschäft,erstmals,vollen,zwölf,monaten,berücksichtigt,effekt,dürften,sachausgaben,kerngeschäft,steigen,grund,dafür,laufenden,jahr,große,windparks,bauen,z˜b,triton,knoll,britischen,nordsee,big,raymond,texas,außerhalb,kerngeschäfts,segment,kohle˜˜kernener,gie,planen,sachinvestitionen,200,300,mio˜•,wesentlichen,instandhaltung,unserer,kraftwerke,tagebaue,dienen,nettoschulden,sollen,dreifache,ebitda,überschreiten,wichtige,steuerungsgröße,verhältnis,nettoschulden,bereinigten,ebitda,kerngeschäfts,leverage,factor,kennzahl,aussagekräftiger,absolute,höhe,verbindlichkei,ten,ertragskraft,abstellt,œ,fähigkeit,schulden,bedienen,leverage,factor,obergrenze,30,festgelegt,langfristig,einhalten,dabei,verwenden,neue,definition,nettoschulden,bergbaurück,stellungen,hauptsächlich,verpflichtungen,rekultivierung,tage,bau,flächen,abbilden,künftig,mehr,darin,enthalten,entsprechendes,gilt,aktiva,denen,rückstellungen,decken,zählen,derzeit,15˜beteiligung,eon,anspruch,entschädigung,braunkohleausstieg,höhe,26,mrd˜•,2019,nettoschulden,berücksichtigt,dividende,geschäftsjahr,2020,ausschüt,tungspolitik,rwe,ag,künftig,grundsatz,wirtschaftlichen,nachhaltigkeit,ausgerichtet,vorstand,strebt,geschäftsjahr,2020,2019,leicht,erhöhte,dividende,je,aktie,höhe,085˜•,folgenden,jahren,ausschüttung,maßgabe,ergebnisentwicklung,kerngeschäft,kontinuierlich,steigen,lagebericht,prognosebericht,95,2,versicherung,gesetzlichen,vertreter,versichern,bestem,wissen,gemäß,anzuwendenden,rechnungslegungsgrundsätzen,konzernabschluss,tatsächlichen,verhältnissen,entsprechendes,bild,vermögens,finanz,ertragslage,konzerns,vermittelt,konzernlagebericht,geschäftsverlauf,einschließlich,geschäftsergebnisses,lage,konzerns,dargestellt,tatsächlichen,verhältnis,sen,entsprechendes,bild,vermittelt,sowie,wesentlichen,chancen,risiken,voraussichtlichen,entwicklung,konzerns,beschrieben,essen,27,februar,2020,vorstand,schmitz,krebber,96,konzernabschluss,31,gewinn,verlustrechnung,mio˜•,s,anhang,201920181umsatzerlöse,inkl,erdgasstromsteuer,11327713547erdgasstromsteuer,1152141umsatzerlöse,11312513406sonstige,betriebliche,erträge,24756630materialaufwand,390789998personalaufwand,425261895abschreibungen,5,10,3166948sonstige,betriebliche,aufwendungen,63254906ergebnis,atequitybilanzierten,beteiligungen,7,12,321211übriges,beteiligungsergebnis,78œ˜42finanzerträge,8688472finanzaufwendungen,81626881ergebnis,fortgeführter,aktivitäten,steuern,œ˜75249ertragsteuern,9œ˜92103ergebnis,fortgeführter,aktivitäten,œ˜660œ˜54ergebnis,fortgeführter,aktivitäten,98161127ergebnis,91561073davon,ergebnisanteile,gesellschafter,643679davon,ergebnisanteile,hybridkapitalgeber,rwe,ag,1559davon,nettoergebnisergebnisanteile,aktionäre,rwe,ag,8498335unverwässertes,verwässertes,ergebnis,je,aktie,•,261382054davon,fortgeführten,aktivitäten,•,œ˜113œ˜032davon,fortgeführten,aktivitäten,•,14950861,angepasste,werte,wegen,änderungen,erfassung,umsatzerlösen,materialaufwendungen,wesentlichen,derivatgeschäfte,betrafen,beiden,positionen,berichtsperiode,2018,jeweils,90,mio˜•,verringert,zudem,wurden,umsetzung,ifrsicagenda,entscheidung,—failedownuseﬁ,umsatzerlöse,108,mio˜•,erhöht,materialaufwendungen,149,mio˜•,verringert,führte,ergebnise˚ekten,zusammenhang,sonstigen,betrieblichen,aufwendungen,44,mio˜•,sonstigen,betrieblichen,erträge,301,mio˜•,verringerten,98,32,gesamtergebnisrechnung,beträge,steuern,mio˜•˜,s,anhang,20192018ergebnis,91561073versicherungsmathematische,gewinne,verluste,leistungsorientierter,pensionszusagen,ähnlicher,verp˛ichtungen,œ˜639œ˜1183anteilig,erfasste,erträge,aufwendungen,atequitybilanzierter,beteiligungen,1213013marktbewertung,eigenkapitalinstrumenten,279œ˜105im,eigenkapital,direkt,erfasste,erträge,aufwendungen,erfolgswirksam,umzugliedern,œ˜230œ˜1275unterschied,währungsumrechnung,201060œ˜8marktbewertung,fremdkapitalinstrumenten,27œ˜18marktbewertung,finanzinstrumenten,sicherungsbeziehung,274793170anteilig,erfasste,erträge,aufwendungen,atequitybilanzierter,beteiligungen,12,20,œ˜15œ˜1im,eigenkapital,direkt,erfasste,erträge,aufwendungen,zukünftig,erfolgswirksam,umzugliedern,15513143im,eigenkapital,direkt,erfasste,erträge,aufwendungen,other,comprehensive,income,13211868summe,erfassten,erträge,aufwendungen,total,comprehensive,income,104772941davon,aktionäre,rwe,ag,entfallend,96872350davon,hybridkapitalgeber,rwe,ag,entfallend,1559davon,gesellschafter,entfallend,775532konzernabschluss,gesamtergebnisrechnung,99,33,bilanzaktiva,s,anhang,3112201931122018in,mio˜•,langfristiges,vermögen,immaterielle,vermögenswerte,1048092193sachanlagen111909712409atequitybilanzierte,beteiligungen,1232361467übrige,finanzanlagen,134391400finanzforderungen,14128110sonstige,forderungen,sonstige,vermögenswerte,153320946ertragsteueransprüche,264246latente,steuern,167068243595118595kurzfristiges,vermögen,vorräte,1715851631finanzforderungen,1423592782forderungen,lieferungen,leistungen,36211963sonstige,forderungen,sonstige,vermögenswerte,15127567408ertragsteueransprüche,196101wertpapiere,1832583609flüssige,mittel,1931923523zur,veräußerung,bestimmte,vermögenswerte,12744049628241615136419280108,passiva,s,anhang,3112201931122018in,mio˜•,eigenkapital,20anteile,aktionäre,rwe,ag,169458736anteile,hybridkapitalgeber,rwe,ag,940anteile,gesellschafter,50345811744814257langfristige,schulden,rückstellungen,2218936143661finanzverbindlichkeiten,2339241998ertragsteuerverbindlichkeiten,24105014971übrige,verbindlichkeiten,25849508latente,steuern,16225916382701820007kurzfristige,schulden,rückstellungen,22263825721finanzverbindlichkeiten,231810766verbindlichkeiten,lieferungen,leistungen,29872429ertragsteuerverbindlichkeiten,24193811übrige,verbindlichkeiten,25115887200zur,veräußerung,bestimmte,schulden,51032796197264584464192801081,angepasste,werte,aufgrund,agendaentscheidung,ifrs,ic,september,2019,zuvor,steuerrückstellungen,ausgewiesene,sachverhalte,ertragsteuerverbindlichkeiten,ausgewiesen,100,34,kapitalflussrechnung,mio,•s,anhang,30,20192018ergebnis,œ˜660œ˜54abschreibungenzuschreibungen,2754958veränderung,rückstellungen,2825œ˜418veränderung,latenten,steuern,44œ˜97ergebnis,abgang,anlagegegenständen,wertpapieren,œ˜77œ˜6sonstige,zahlungsunwirksame,erträgeaufwendungen,œ˜3077œ˜245veränderung,nettoumlaufvermögens,œ˜27864473cash,flow,laufender,geschäftstätigkeit,fortgeführter,aktivitäten,œ˜9774611cash,flow,laufender,geschäftstätigkeit,fortgeführter,aktivitäten,œ˜5462037cash,flow,laufender,geschäftstätigkeit,œ˜15236648immaterielle,vermögenswertesachanlagen,investitionen,œ˜1767œ˜1050einnahmen,anlagenabgängen,7235akquisitionenbeteiligungen,investitionen,œ˜4œ˜196einnahmen,anlagenabgängendesinvestitionen,62339veränderung,wertpapiere,geldanlagen,1592œ˜1704cash,flow,investitionstätigkeit,fortgeführter,aktivitäten,erstnachdotierung,planvermögen,516œ˜2876erstnachdotierung,planvermögen,œ˜42œ˜123cash,flow,investitionstätigkeit,fortgeführter,aktivitäten,erstnachdotierung,planvermögen,474œ˜2999cash,flow,investitionstätigkeit,fortgeführter,aktivitäten,œ˜1203œ˜1405cash,flow,investitionstätigkeit,erstnachdotierung,planvermögen,œ˜729œ˜4404kapitalveränderungen,einschließlich,gesellschafter,œ˜60721veränderung,hybridkapital,œ˜869dividendenausschüttungen,rweaktionäre,gesellschafter,œ˜560œ˜1025aufnahme,finanzschulden,158761580tilgung,finanzschulden,œ˜14198œ˜2835cash,flow,finanzierungstätigkeit,fortgeführter,aktivitäten,189œ˜1559cash,flow,finanzierungstätigkeit,fortgeführter,aktivitäten,35569cash,flow,finanzierungstätigkeit,224œ˜990zahlungswirksame,veränderung,˛üssigen,mittel,œ˜20281254ein˛uss,wechselkurs,sonstigen,wertänderungen,˛üssigen,mittel,1513veränderung,˚üssigen,mittel,œ˜20131267flüssige,mittel,anfang,berichtszeitraums,52253958davon,veräußerung,bestimmte,vermögenswerte,ausgewiesen,170225flüssige,mittel,anfang,berichtszeitraums,laut,konzernbilanz,35233933flüssige,mittel,ende,berichtszeitraums,32125225davon,veräußerung,bestimmte,vermögenswerte,ausgewiesen,201702flüssige,mittel,ende,berichtszeitraums,laut,konzernbilanz,31923523,konzernabschluss,kapital,˛ussrechnung,101,35,veränderung,eigenkapitals,veränderung,eigenkapitals,gezeichnetes,kapital,rwe,ag,kapital,rücklage,rwe,ag,gewinn,rücklage,bilanz,gewinnaccumulated,other,comprehensive,income,anteile,aktionäre,rwe,ag,anteile,hybrid,kapital,geber,rwe,ag,anteile,gesell,schafter,gesamt,mio˜•,unterschied,wäh,rungsumrechnung,marktbewertung,finanzinstrumenten,s,anhang,20,erfolgsneutral,beizulegenden,zeitwert,bewertete,fremdkapital,instrumente,siche,rung,beziehungstand,01012018,15742385239330431366723940428311946kapitalauszahlung,œ˜29œ˜29dividendenzahlungen,1œ˜922œ˜922œ˜60œ˜506œ˜1488ergebnis,335335596791073other,comprehensive,income,œ˜1126œ˜19œ˜1431742015œ˜1471868total,comprehensive,income,œ˜791œ˜19œ˜1431742350595322941übrige,veränderungen,4591265851301887stand,31122018,1574238511392851733368736940458114257kapitalauszahlung,einzahlung,˝˜8696˝˜863dividendenzahlungen,1œ˜430œ˜430œ˜61œ˜460œ˜951ergebnis,84988498156439156other,comprehensive,income,œ˜1257932849311891321321total,comprehensive,income,83737932849396871577510477übrige,veränderungen,œ˜174œ˜874œ˜1048œ˜25œ˜4399œ˜5472stand,31122019,157423858908107845295516945503174481,umgliederung,beherrschenden,anteilen,veräußerung,bestimmten,verbindlichkeiten,gemäß,ia,32,102,veränderung,eigenkapitals,gezeichnetes,kapital,rwe,ag,kapital,rücklage,rwe,ag,gewinn,rücklage,bilanz,gewinnaccumulated,other,comprehensive,income,anteile,aktionäre,rwe,ag,anteile,hybrid,kapital,geber,rwe,ag,anteile,gesell,schafter,gesamt,mio˜•,unterschied,wäh,rungsumrechnung,marktbewertung,finanzinstrumenten,s,anhang,20,erfolgsneutral,beizulegenden,zeitwert,bewertete,fremdkapital,instrumente,siche,rung,beziehungstand,01012018,15742385239330431366723940428311946kapitalauszahlung,œ˜29œ˜29dividendenzahlungen,1œ˜922œ˜922œ˜60œ˜506œ˜1488ergebnis,335335596791073other,comprehensive,income,œ˜1126œ˜19œ˜1431742015œ˜1471868total,comprehensive,income,œ˜791œ˜19œ˜1431742350595322941übrige,veränderungen,4591265851301887stand,31122018,1574238511392851733368736940458114257kapitalauszahlung,einzahlung,˝˜8696˝˜863dividendenzahlungen,1œ˜430œ˜430œ˜61œ˜460œ˜951ergebnis,84988498156439156other,comprehensive,income,œ˜1257932849311891321321total,comprehensive,income,83737932849396871577510477übrige,veränderungen,œ˜174œ˜874œ˜1048œ˜25œ˜4399œ˜5472stand,31122019,157423858908107845295516945503174481,umgliederung,beherrschenden,anteilen,veräußerung,bestimmten,verbindlichkeiten,gemäß,ia,32,konzernabschluss,veränderung,eigenkapitals,103,allgemeine,grundlagendie,rwe,ag,sitz,altenessener,straße,35,45141,essen,deutschland,mutterunternehmen,rwekonzerns,—rweﬁ,—konzernﬁ,rwe,stromproduzent,erneuerbarer,konventioneller,erzeugung,wesentlichen,europa,usa,konzernabschluss,31,dezember,2019,27,februar,2020,vorstand,rwe,ag,veröffentlichung,freigegeben,worden,aufgestellt,wurde,international,financial,reporting,standard,ifrs,europäischen,union,eu,anzuwenden,ergänzend,§,315e,ab,1,hgb,anzuwendenden,handelsrechtlichen,vorschriften,vorjahreszah,len,grundsätzen,ermittelt,worden,neben,gewinn,verlustrechnung,gesamtergebnisrech,nung,sowie,bilanz,kapitalflussrechnung,verän,derung,eigenkapitals,gezeigt,anhang,enthält,zudem,segmentberichterstattung,zwecke,klareren,darstellung,verschiedene,posten,bilanz,gewinn,verlustrechnung,zusammengefasst,worden,anhang,posten,gesondert,ausgewiesen,erläutert,gewinn,verlustrechnung,gesamtkostenverfahren,gegliedert,konzernabschluss,euro,aufgestellt,beträge,œ,soweit,angegeben,œ,millionen,euro,mio˜•,ausgewiesen,rechentechnischen,gründen,rundungs,differenzen,auftreten,36,anhangder,vorliegende,abschluss,bezieht,geschäftsjahr,1,januar,31,dezember,2019,aufstellung,vollständigkeit,richtigkeit,konzernabschlusses,sowie,œ,lagebericht,rwe,ag,zusammengefassten,œ,konzernlageberichts,liegen,verantwortung,vorstands,rwe,ag,interne,kontrollsysteme,einsatz,konzernweit,einheitli,cher,richtlinien,sowie,maßnahmen,weiterbildung,mitarbeiter,gewährleisten,ordnungsmäßigkeit,konzern,abschlusses,konzernlageberichts,einhaltung,gesetzlichen,vorschriften,konzerninternen,richtlinien,sowie,zuverlässigkeit,funktionsfähigkeit,kontrollsysteme,kontinuierlich,konzernweit,geprüft,risikomanagementsystem,konzerns,entsprechend,anforderungen,gesetzes,kontrolle,transparenz,unternehmensbereich,kontrag,darauf,ausgerichtet,vorstand,risiken,frühzeitig,erkennen,bedarf,gegenmaß,nahmen,ergreifen,konzernabschluss,zusammengefasste,lagebericht,prüfungsbericht,anwesenheit,abschlussprüfers,prüfungsausschuss,bilanzsitzung,aufsichtsrats,eingehend,erörtert,bericht,aufsichtsrats,seite,20,ff,geht,ergebnis,prüfung,aufsichtsrat,hervor,104,konsolidierungskreis,konzernabschluss,einbezogen,neben,rwe,ag,wesentlichen,ausländischen,tochterunternehmen,rwe,ag,unmittelbar,mittelbar,beherrscht,beurteilung,beherrschung,vorliegt,neben,stimmrech,ten,sonstige,gesellschaftsvertragliche,satzungsmäßige,rechte,sowie,potenzielle,stimmrechte,berücksichtigt,wesentliche,assoziierte,unternehmen,equity,methode,bilanziert,wesentliche,gemeinsame,vereinbarungen,equitymethode,gemeinschaftliche,tätigkeit,assoziierte,unternehmen,gesellschaften,denen,rwe,ag,aufgrund,stimmrechtsquote,20,50,aufgrund,vertraglicher,vereinbarungen,maßgeblichen,einfluss,ausübt,klassifizierung,gemeinsamer,vereinbarun,gen,eigenständige,vehikel,strukturiert,gemein,schaftliche,tätigkeit,gemeinschaftsunternehmen,neben,rechtsform,vertraglichen,vereinbarungen,sonstige,sachverhalte,umstände,berücksichtigt,besondere,lieferbeziehungen,eigenständigen,vehikel,daran,beteiligten,parteien,anteile,tochterunternehmen,gemeinschaftsunternehmen,gemeinschaftlichen,tätigkeiten,assoziierten,unterneh,men,konzernsicht,untergeordneter,bedeutung,ifrs,9,bilanziert,anteilsbesitz,konzerns,gemäß,§,313,ab,2,hgb,seite,176,ff,dargestellt,folgenden,übersichten,zeigen,veränderungen,anzahl,vollkonsolidierten,unternehmen,mittels,equitymethode,bilanzierten,beteiligungen,gemeinschafts,unternehmen,ergeben,anzahl,vollkonsolidierter,unternehmen,inland,ausland,gesamt,stand,01012019,141215356erstkonsolidierungen,7105112entkonsolidierungen,œ˜90œ˜115œ˜205verschmelzungen,œ˜4œ˜4stand,31122019,58201259,anzahl,atequitybilanzierter,unternehmen,inland,ausland,gesamt,stand,01012019,91221erwerbe,2810stand,31122019,112031,anzahl,vollkonsolidierten,unternehmen,veränderte,gegenüber,vorjahr,wesentlichen,aufgrund,erwerbs,übernommenen,eonaktivitäten,erstkonsolidierungen,abgangs,fortgeführten,innogyaktivitäten,entkonsolidie,rungen,anzahl,atequity,bilanzierten,gesellschaften,verringerte,aufgrund,eon,vereinbarten,tauschgeschäfts,einhergehenden,zuordnung,fortgeführten,aktivitäten,bereits,geschäftsjahr,2018,zudem,zwei,vorjahr,sechs,gesellschaften,gemein,schaftliche,tätigkeiten,abgebildet,davon,greater,gabbard,offshore,wind,limited,großbritannien,wesentliche,gemein,schaftliche,tätigkeit,rwekonzern,greater,gabbard,unterhält,500mwoffshorewindpark,fortgeführten,innogyaktivitäten,zusammen,scottish,and,southern,energy,sse,renewables,holding,betreiben,innogy,renewables,uk,hält,50˜,anteile,bezieht,50˜,stromerzeugung,inkl,grünstromzertifikate,windpark,wesentlicher,bestandteil,offshoreportfolios,segment,fortgeführte,innogyaktivitäten,erst,entkonsolidierungen,grundsätzlich,zeitpunkt,erwerbs,verlusts,beherrschung,vorgenommen,anteilsverkäufe,wechsel,beherrschungssta,tus,führten,wurden,veräußerungsergebnisse,höhe,18,mio˜•,sonstigen,betrieblichen,ergebnis,erfasst,vorjahr,œ˜46,mio˜•,darüber,hinaus,wurde,verkauf,fortgeführten,innogyaktivitäten,resultierende,entkonsolidierungsgewinn,höhe,8258,mio,•,gewinn,verlustrechnung,posten,—ergebnis,fortgeführter,aktivitätenﬁ,ausgewiesen,rahmen,käufen,bzw,verkäufen,tochterunternehmen,sonstigen,geschäftseinheiten,wechsel,beherrschungsstatus,führten,wurden,kaufpreise,höhe,3592,mio˜•,vorjahr,27,mio˜•,entrichtet,verkaufspreise,höhe,14296,mio˜•,vorjahr,13,mio˜•,erzielt,verkaufs,preise,wurden,eigenkapitalanteilen,vorjahr,ausschließlich,zahlungsmitteln,entrichtet,darüber,hinaus,zahlungen,rahmen,eon,vereinbarten,transaktion,aufgerechnet,letzteres,gilt,ausnahme,25,mio,•,flüssigen,mitteln,gezahlt,wurden,kaufpreise,jahr,ausschließlich,zahlungsmitteln,entrichtet,zusammenhang,wurden,flüssige,mittel,berücksichtigung,veräußerung,bestimmten,vermögenswerten,höhe,113,mio˜•,vorjahr,0,mio˜•,erworben,höhe,1250,mio˜•,vorjahr,0,mio˜•,veräußert,konzernabschluss,anhang105,erstmalige,bilanzierung,unternehmenszusammenschlusses,aufgrund,komplexen,struktur,größe,transaktion,abschließend,festgestellt,insbesondere,wesent,liche,informationsaustausch,erst,entfallen,wettbewerbs,beschränkungen,stattfinden,konnte,wären,unternehmenszusammenschlüsse,berichts,zeitraums,bereits,1,januar,2019,erfolgt,bereinigte,ebitda,konzerns,2982,mio˜•,konzern,umsatz,13904,mio˜•,betragen,veräußerungen,fortgeführte,aktivitäten,fortgeführte,innogyaktivitäten,18,september,2019,rwe,rahmen,12,märz,2018,eon,se,vertraglich,vereinbarten,weitreichenden,tauschs,geschäftsteilen,beteiligungen,seit,30,juni,2018,fortgeführte,innogyaktivitäten,ausgewie,senen,teile,innogy,eon,se,veräußert,wesentlichen,betraf,großteil,netz,vertriebsgeschäfts,rahmen,transaktion,vereinbart,worden,eon,originär,innogy,gehörenden,anteile,tschechischen,verteilnetzbetreiber,innogy,grid,holding,igh,erwirbt,vorbereitung,teiltransaktion,rwe,mitte,februar,2019,mehrheitsbeteiligung,innogy,se,igh,erworben,umsetzung,vereinbarung,eon,vorkaufs,recht,mitgesellschafter,igh,—macquarie,infra,structure,and,real,asset,mira,managed,consortium,of,investorsﬁ,ausgelöst,worden,mira,vorkaufsrecht,29,april,2019,ausgeübt,hierdurch,mira,5004˜beteili,gung,gleichen,bedingungen,konditionen,erworben,rwe,dritte,parteien,konkreten,fall,eon,verkauft,worden,wäre,veräußerung,mira,wurde,30,september,2019,vollzogen,aufgrund,unveränderten,gesamtplans,veräußerung,netz,vertriebsgeschäfts,wurde,igh,entkonsolidierung,30,september,2019,teil,fortgeführten,innogyaktivitäten,ausgewiesen,rwe,ende,august,2019,innogy,anteile,vollkonsolidierten,ebenfalls,teil,fortgeführten,aktivitäten,ausgewiesenen,beteiligung,slowakischen,strom,gasversorger,východoslovenská,energetika,holding,a,vseh,erworben,anteile,vseh,wurden,18,september,2019,eon,übertragen,vorgesehene,veräußerung,vsegruppe,teil,gesamt,plan,veräußerung,netz,vertriebsgeschäfts,vsegruppe,weiterhin,fortgeführte,aktivitäten,ausgewiesen,31,dezember,2019,umfassten,fortgeführten,aktivitäten,vsegruppe,bisher,konzerninternen,lieferungen,leistungen,entkonsolidierung,übertragenden,teile,innogy,unternehmenserwerbe,übernommene,eonaktivitäten,18,september,2019,rwe,rahmen,12,märz,2018,eon,se,vertraglich,vereinbarten,weitreichenden,tauschs,geschäftsteilen,beteiligungen,beherrschung,wesentliche,teile,vormaligen,erneuerbareenergien,geschäfts,eon,erlangt,übernommenen,aktivitäten,europa,usa,geschäftsfeldern,onshore,wind,offshore,wind,sowie,photovoltaik,tätig,rahmen,transaktion,übernommenen,vermögenswerte,schulden,folgenden,tabelle,dargestellt,bilanzposten,ifrsbuchwerte,beizulegender,zeitwert,erstkonsolidierung,mio˜•,langfristige,vermögenswerte,10292immaterielle,vermögenswerte,1951sachanlagen6332sonstige,langfristige,vermögenswerte,2009kurzfristige,vermögenswerte,1886langfristige,schulden,3979rückstellungen,613finanzverbindlichkeiten,2447sonstige,langfristige,verbindlichkeiten,919kurzfristige,schulden,5260nettovermögen,2939kaufpreis,3592geschäfts,firmenwert,653,beizulegende,zeitwert,langfristigen,kurzfris,tigen,vermögenswerten,enthaltenen,forderungen,belief,1663,mio˜•,davon,finanzforderungen,höhe,834,mio,•,forderungen,lieferungen,leistungen,höhe,829,mio,•,entsprach,bruttobetrag,forderungen,voll,einbringlich,seit,erstmaligen,konsolidierung,übernommenen,eonaktivitäten,374,mio˜•,umsatz,86,mio˜•,ergebnis,konzerns,beigetragen,kaufpreis,betrug,3592,mio˜•,zahlung,kaufpreises,erfolgte,höhe,25,mio,•,flüssigen,mitteln,wurde,darüber,hinaus,zahlungen,rahmen,eon,vereinbarten,transaktion,aufgerechnet,geschäfts,firmenwert,wesentlichen,erwartende,zukünftige,nutzen,synergieeffekte,zurückzuführen,106,entkonsolidierungsgewinn,betrug,8258,mio˜•,gewinn,verlustrechnung,posten,—ergebnis,fortgeführter,aktivitätenﬁ,ausgewiesen,darin,enthalten,verkauf,igh,resultierender,entkonsolidierungsgewinn,höhe,140,mio˜•,kumulativ,eigenkapital,direkt,erfassten,erträge,aufwendungen,accumulated,other,comprehensive,income,fortgeführter,aktivitäten,betrugen,vorjahr,œ˜773,mio˜•,anteil,aktionäre,rwe,ag,summe,erfassten,erträge,aufwendungen,total,comprehensive,income,entfallen,218,mio˜•,vorjahr,2267,mio˜•,fortgeführte,aktivitäten,9469,mio˜•,vorjahr,83,mio˜•,fortgeführte,aktivitäten,gemäß,ifrs,5,fortgeführten,aktivitäten,gesamtheit,durchgeführte,werthaltigkeitstest,31,dezember,2019,wertberichtigungsbedarf,geführt,rwe,behält,aufgrund,vertraglicher,vereinbarungen,verfügungs,gewalt,maßgeblichen,tätigkeiten,langfristig,rwe,verbleibenden,geschäftsaktivitäten,innogy,erneuerbare,energiengeschäft,gasspeichergeschäft,beteiligung,österreichischen,energieversorger,kelag,rwe,steht,außerdem,wertentwicklung,geschäftsaktivitäten,seit,1,januar,2018,daher,weiterhin,rwe,vollkonsolidiert,segment,—fortgeführte,innogyaktivitätenﬁ,ausgewiesen,eckdaten,fortgeführten,aktivitäten,20192018in,mio˜•,umsatzerlöse,12389034077sonstige,erträge,215181503aufwendungen,32321433877ergebnis,fortgeführten,aktivitäten,steuern,21941703ertragsteuern,636576entkonsolidierungsgewinn,8258ergebnis,fortgeführten,aktivitäten,981611271,inkl,erträge,fortgeführten,aktivitäten,höhe,1402,mio˜•,vorjahr,2570,mio˜•,2,inkl,erträge,fortgeführten,aktivitäten,höhe,108,mio˜•,vorjahr,266,mio˜•,3,inkl,aufwendungen,fortgeführten,aktivitäten,höhe,9772,mio˜•,vorjahr,13835,mio˜•,entweder,dritten,fortgeführt,wurden,eliminierungsbuchungen,rahmen,aufwands,ertragskonsolidierung,vollständig,fortgeführten,aktivitäten,zugeordnet,folgenden,tabellen,wichtige,eckdaten,fortgeführten,aktivitäten,dargestellt,eckdaten,fortgeführten,aktivitäten,31122019abgängeq3,201931122018in,mio˜•,langfristige,vermögenswerte,immaterielle,vermögenswerte,4051043410716sachanlagen7341414714000sonstige,langfristige,vermögenswerte,85085536311472966630079kurzfristige,vermögenswerte,1271276310417langfristige,schuldenrückstellungen,952124557finanz,verbindlich,keiten,2251352114147sonstige,langfristige,verbindlichkeiten,131262230653652135521769kurzfristige,schulden1451344311027,konzernabschluss,anhang107,konsolidierungsgrundsätze,konzernabschluss,einbezogenen,abschlüsse,ausländischen,unternehmen,einheitlichen,bilanzie,rung,bewertungsmethoden,aufgestellt,tochterunternehmen,deren,geschäftsjahr,konzernabschlussstichtag,31,dezem,ber,endet,stellen,grundsätzlich,termin,abschluss,drei,tochtergesellschaften,vorjahr,drei,31,märz,abweichenden,abschlussstichtag,kalender,jahr,abweichende,geschäftsjahre,steuerliche,gründe,länderspezifische,vorschriften,zurückzuführen,unternehmenszusammenschlüsse,erwerbsme,thode,bilanziert,heißt,kapitalkonsolidierung,kaufpreis,zuzüglich,betrags,beherrschenden,anteile,neu,bewerteten,nettovermögen,erworbenen,tochter,unternehmen,erwerbszeitpunkt,verrechnet,dabei,beherrschenden,anteile,entweder,entsprechenden,anteil,identifizierbaren,nettovermögens,beizulegenden,zeitwert,bewertet,ansatzfähigen,vermögenswerte,schulden,eventualschulden,tochterun,ternehmen,œ,unabhängig,höhe,beherr,schenden,anteils,œ,vollen,beizulegenden,zeitwerten,angesetzt,immaterielle,vermögenswerte,gesondert,geschäfts,firmenwert,bilanzieren,unterneh,men,abtrennbar,vertraglichen,recht,resultieren,kaufpreisallokation,gemäß,ifrs,3,restrukturierungsrückstellungen,neu,gebildet,übersteigt,kaufpreis,neu,bewertete,anteilige,nettovermögen,erworbenen,tochtergesellschaft,unterschiedsbetrag,geschäfts,firmenwert,aktiviert,liegt,kaufpreis,darunter,unterschiedsbetrag,erfolgswirksam,vereinnahmt,fall,entkonsolidierung,zugehöriger,geschäfts,firmenwert,ergebniswirksam,ausgebucht,anteilsänderungen,denen,möglichkeit,beherrschung,tochterunternehmens,fortbesteht,ergebnisneutral,erfasst,kommt,dagegen,wechsel,beherrschungsstatus,verbleibenden,anteile,erfolgswirksam,neu,bewertet,aufwendungen,erträge,sowie,forderungen,verbindlichkei,ten,konsolidierten,unternehmen,eliminiert,zwischenergebnisse,herausgerechnet,atequitybilanzierten,beteiligungen,geschäfts,firmenwerte,gesondert,ausgewiesen,wertansatz,beteiligung,erfasst,übrigen,gelten,oben,beschriebenen,konsolidierungsgrundsätze,analog,fall,außerplanmäßige,abschreibungen,equitywertes,erforderlich,weisen,ergebnis,atequitybilanzierten,beteiligungen,abschlüsse,equitymethode,bilanzierten,beteiligungen,einheitlichen,bilanzierungs,bewertungsmetho,aufgestellt,währungsumrechnung,gesellschaften,bewerten,einzelabschlüssen,monetäre,posten,fremder,währung,bilanzstichtag,wechselkurs,tag,erstverbuchung,galt,monetäre,posten,kurs,bilanzstichtag,umgerechnet,bilanzstichtag,eingetretene,kursgewinne,verluste,bewertung,monetären,bilanzposten,fremder,währung,ergebniswirksam,berücksichtigt,umrechnungsverfahren,abschlüsse,gesellschaften,außerhalb,eurozone,funktionale,währungsumrech,nung,angewendet,konzernabschluss,einbezogenen,wesentlichen,auslandsgesellschaften,geschäft,selbstständig,landeswährung,betreiben,bilanzposten,konzernabschluss,tagesmittelkursen,bilanzstichtag,euro,umgerechnet,gilt,geschäfts,firmenwerte,vermögenswerte,wirtschaftlich,selbstständigen,auslän,dischen,teileinheiten,betrachtet,differenzen,gegenüber,vorjahresumrechnung,weisen,erfolgsneu,trale,veränderung,other,comprehensive,income,aufwands,ertragsposten,jahresdurchschnitts,kursen,umgerechnet,umrechnung,eigenkapitalfort,schreibung,ausländischer,unternehmen,equity,methode,bilanziert,gehen,entsprechend,108,währungsumrechnung,wurden,u˜a,folgende,wechselkurse,zugrunde,gelegt,rechnungslegungsmethoden,immaterielle,vermögenswerte,fortgeführten,anschaffungs,herstellungskosten,bilanziert,sämtliche,immaterielle,vermögenswerte,ausnahme,geschäfts,firmenwerten,weisen,bestimmbare,nutzungsdauer,planmäßig,linear,abgeschrieben,nutzungsdauern,abschreibungsmethoden,jährlich,überprüft,software,kaufmännische,technische,anwendungen,drei,fünf,jahre,abgeschrieben,summe,betrieb,kraftwerksanlage,erforderlichen,genehmigungen,operating,right,nutzungs,betriebskonzession,bezeich,net,operating,right,grundsätzlich,wirtschaftliche,nutzungsdauer,kraftwerksanlage,linear,abgeschrieben,aktivierte,kundenbeziehungen,maximal,zehn,jahre,abgeschrieben,geschäfts,firmenwerte,planmäßig,abgeschrie,ben,jahr,sowie,vorliegen,anhaltspunk,ten,wertminderung,werthaltigkeitstest,unterzogen,entwicklungsausgaben,aktiviert,neu,entwickeltes,produkt,verfahren,eindeutig,abgegrenzt,tech,nisch,realisierbar,entweder,eigene,nutzung,vermarktung,vorgesehen,weiterhin,setzt,aktivierung,voraus,entwicklungsausgaben,hinreichender,wahrscheinlich,keit,künftige,finanzmittelzuflüsse,gegenüberstehen,aktivierte,entwicklungsausgaben,planmäßig,erwarteten,zeitraum,verkaufs,produkte,abgeschrieben,forschungs,ausgaben,periode,entstehung,aufwand,erfasst,immaterielle,vermögenswerte,außerplanmäßig,abgeschrie,ben,erzielbare,betrag,vermögenswertes,buchwert,unterschreitet,gesonderte,regelung,gilt,fall,vermögenswert,teil,zahlungsmittel,generierenden,einheit,letztere,definiert,kleinste,identifizierbare,gruppe,vermögenswerten,mittelzuflüsse,erzeugen,dabei,müssen,wechselkurse,durchschnitt,stichtag,•2019201831122019311220181,usdollar,0890850890871,pfund,sterling,114113,118112,100,tschechische,krone,390389,394389,1,polnischer,zloty,023023,023023,1,dänische,krone,0130130130131,schwedische,krone,0090100100101,norwegische,krone,010010010010,mittelzuflüsse,weitestgehend,unabhängig,denen,vermögenswerte,gruppen,vermögenswerten,immaterieller,vermögenswert,teil,zahlungsmittel,generierenden,einheit,abschreibung,basis,erzielbaren,betrags,einheit,ermittelt,wurde,zahlungsmit,tel,generierenden,einheit,geschäfts,firmenwert,zugeord,net,übersteigt,buchwert,erzielbaren,betrag,zunächst,geschäfts,firmenwert,höhe,differenzbe,trags,außerplanmäßig,abgeschrieben,darüber,hinausgehender,abwertungsbedarf,anteilige,reduzierung,buchwerte,übrigen,vermögenswerte,zahlungsmittel,generierenden,einheit,berücksichtigt,grund,früher,vorgenom,mene,außerplanmäßige,abschreibung,entfallen,immateriellen,vermögenswerte,zugeschrieben,allerdings,darf,zuschreibung,erhöhte,buchwert,fortgeführten,anschaffungs,herstellungskosten,übersteigen,geschäfts,firmenwerten,zuschreibungen,vorgenommen,sachanlagen,fortgeführten,anschaffungs,herstellungskosten,bilanziert,fremdkapitalkosten,teil,anschaffungs,herstellungskosten,aktiviert,unmittelbar,erwerb,herstellung,—qualifizierten,vermögenswertesﬁ,zugeordnet,charakteristisch,qualifizierten,vermögenswert,beträchtlicher,zeitraum,erforderlich,beabsichtigten,gebrauchs,verkaufsfähigen,zustand,versetzen,anschaffungs,herstellungskosten,sachanlagen,enthalten,gegebenenfalls,geschätzten,ausgaben,stilllegung,anlage,wiedernutzbarmachung,flächen,instand,haltungs,reparaturkosten,aufwand,erfasst,sachanlagen,œ,ausnahme,grund,boden,sowie,grundstücks,gleichen,rechten,œ,grundsätzlich,linear,abgeschrieben,sofern,ausnahmefällen,abschreibungsverlauf,nutzungsverlauf,eher,entspricht,abschreibungsmethoden,jährlich,überprüft,plan,mäßige,abschreibungen,unserer,typischen,anlage,legen,folgenden,konzerneinheitlichen,nutzungsdauern,zugrunde,ebenfalls,jährlich,überprüft,konzernabschluss,anhang109,rahmen,jährlichen,überprüfung,nutzungsdauern,wurden,nutzungsdauern,windkraftanlagen,25,jahre,angepasst,zuvor,23,jahre,schätzungs,änderung,wurde,prospektiv,1,oktober,2019,vorgenommen,daraus,resultierte,2019,verminderung,planmäßigen,abschreibungen,4,mio˜•,2020,verminderung,planmäßigen,abschreibungen,höhe,17,mio˜•,erwartet,sachanlagen,umfassen,zudem,nutzungsrechte,leasing,verhältnissen,denen,rwe,leasingnehmer,nutzungs,rechte,anschaffungskosten,bewertet,anschaffungs,kosten,ergeben,barwert,leasingzahlungen,angepasst,etwaige,vorab,geleistete,zahlungen,anfängliche,direkte,kosten,sowie,mögliche,rückbauverpflichtungen,korrigiert,erhaltene,leasinganreize,nutzungsrechte,linear,vertragslaufzeit,kürzere,voraussicht,liche,nutzungsdauer,abgeschrieben,kurzfristigen,leasingverhältnissen,leasingverhältnissen,geringwertige,vermögenswerte,leasingzahlungen,laufzeit,leasingverhältnisses,aufwand,erfasst,operatingleasingverhältnissen,denen,rwe,leasinggeber,mindestleasingraten,laufzeit,leasing,verhältnisses,ertrag,erfasst,außerplanmäßige,abschreibung,zuschreibung,sach,anlage,folgt,immaterielle,vermögenswerte,beschriebenen,grundsätzen,atequitybilanzierte,beteiligungen,zunächst,anschaffungskosten,folgeperioden,fortge,schriebenen,anteiligen,nettovermögen,bilanziert,dabei,buchwerte,jährlich,anteiligen,ergebnisse,ausschüttun,gen,weiteren,eigenkapitalveränderungen,erhöht,vermindert,geschäfts,firmenwerte,gesondert,ausgewiesen,wertansatz,beteiligung,enthalten,planmäßige,abschreibung,geschäfts,firmenwerte,findet,statt,equitymethode,bilanzierte,beteiligungen,außerplanmäßig,abgeschrieben,erzielbare,betrag,buchwert,unterschreitet,zugangsbewertung,übrigen,finanzanlagen,ausgewiesenen,finanziellen,vermögenswerte,findet,erfüllungs,tag,statt,anteile,konsolidierten,tochterunternehmen,equitymethode,bilanzierten,assoziierten,unternehmen,gemeinschaftsunternehmen,ergebnis,wirksam,beizulegenden,zeitwert,bewertet,sofern,verlässlich,ermittelbar,übrigen,beteiligungen,ebenfalls,beizulegenden,zeitwert,bewertet,teil,eigenkapitalinstrumente,option,änderungen,beizule,genden,zeitwertes,other,comprehensive,income,auszuweisen,anspruch,genommen,langfristigen,wertpapiere,beizulegenden,zeitwert,bilanziert,wertänderungen,abhängig,klassifikation,ergebniswirksam,ergebnisneutral,ausgewiesen,veräußerung,eigenkapitalinstrumenten,option,ausweises,änderungen,beizulegen,zeitwertes,other,comprehensive,income,angewendet,verbleiben,etwaige,gewinne,verluste,eigenkapital,gewinn,verlustrechnung,umgegliedert,fremdkapitalinstrumente,ergebnisneutral,beizulegenden,zeitwert,bewertet,wertminderung,höhe,erwarteten,kreditverluste,ergebniswirksam,erfasst,forderungen,umfassen,finanzforderungen,forderun,gen,lieferungen,leistungen,sowie,sonstige,forderun,gen,derivativen,finanzinstrumenten,abgesehen,forderungen,sonstige,vermögenswerte,fortgeführten,anschaffungskosten,abzüglich,risikovorsorge,höhe,erwarteten,kreditverluste,bewertet,finanzforderungen,ausgewiesenen,ausleihungen,fortgeführten,anschaffungskosten,abzüglich,risikovorsorge,höhe,erwarteten,kreditverluste,bewertet,marktüblich,verzinsliche,ausleihungen,nominalwert,bilanziert,zinslose,niedrig,verzinsliche,ausleihungen,dagegen,grundsätzlich,abgezinsten,betrag,verwendung,risikoadäquaten,zinssatzes,co,2emissionsrechte,zertifikate,alternativer,energien,immaterielle,vermögenswerte,bilanziert,sonstigen,vermögenswerten,ausgewiesen,sowohl,entgeltlich,erworbene,frei,zugeteilte,rechte,anschaffungskosten,bewertet,planmäßige,abschreibung,findet,statt,latente,steuern,resultieren,temporären,unterschieden,ifrs,steuerbilanzen,einzelgesellschaften,sowie,konsolidierungsvorgängen,aktiven,latenten,steuern,umfassen,steuerminderungsansprüche,erwarteten,nutzung,bestehender,verlustvorträge,folgejahren,ergeben,latente,steuern,aktivieren,verbundene,wirtschaftliche,vorteile,hinreichender,sicherheit,genutzt,höhe,richtet,steuersät,zen,betreffenden,land,realisationszeitpunkt,gelten,bzw,voraussichtlich,gelten,maßgeblich,bilanz,stichtag,gültigen,bzw,verabschiedeten,steuerlichen,vorschrif,ten,aktive,passive,latente,steuern,je,gesellschaft,bzw,organkreis,saldiert,nutzungsdauer,jahren,gebäude7˜œ˜50technische,anlage,thermische,kraftwerke,6˜œ˜40windkraftanlagen,25gas,wasserspeicher,10˜œ˜60anlagen,bergbau,3˜œ˜25grubenaufschlüsse,bergbau,44˜œ˜52sonstige,regenerative,anlage,5˜œ˜50,110,vorräte,vermögenswerte,verkauf,normalen,geschäftsgang,gehalten,fertige,erzeugnisse,herstellung,befinden,unfertige,erzeugnisse,leistungen,herstellung,produkten,erbringung,dienstleistungen,verbraucht,roh,hilfs,betriebsstoffe,einschließlich,kernbrennelemente,vorab,raum,braunkohlebergbaus,sofern,vorräte,hauptsächlich,absicht,erworben,wurden,kurzfristigen,weiterverkauf,gewinne,erzielen,anschaffungs,herstellungskosten,niedrigeren,nettoveräußerungswerten,angesetzt,herstellungs,kosten,entsprechen,produktionsorientierten,vollkosten,grundlage,normalen,kapazitätsauslastung,ermittelt,enthalten,neben,direkt,zurechenbaren,kosten,angemessene,teile,notwendigen,material,ferti,gungsgemeinkosten,fertigungsbedingte,abschreibungen,ebenfalls,berücksichtigt,fremdkapitalkosten,dagegen,teil,anschaffungs,herstellungskosten,aktiviert,ermittlung,anschaffungskosten,i˜d˜r,durchschnitts,werte,herangezogen,abraumverbrauch,braunkohleberg,baus,prinzip,—first,œ,first,outﬁ,fifoverfahren,ermittelt,soweit,früher,abgewerteten,vorräten,nettoveräußerungs,wert,gestiegen,wertaufholung,minderung,materialaufwands,erfasst,kernbrennelemente,fortgeführten,anschaffungs,kosten,bewertet,abschreibungen,arbeitsabhängig,verbrauch,leistungsabhängig,nutzungsdauer,reaktors,ermittelt,vorräte,hauptsächlich,absicht,erworben,wurden,kurzfristigen,weiterverkauf,gewinne,erzielen,beizulegenden,zeitwert,abzüglich,vertriebsaufwendungen,bilanziert,wertänderungen,erfolgswirksam,erfasst,kurzfristig,ausgewiesenen,wertpapieren,zählen,wesentlichen,wertpapiere,spezialfonds,sowie,festverzinsliche,titel,beim,erwerb,restlaufzeit,mehr,drei,monaten,weniger,jahr,wertpapiere,spezialfonds,erfolgswirksam,erfolgsneutral,beizulegenden,zeitwert,bewertet,zugangsbewertung,transaktions,kosten,berücksichtigt,direkt,erwerb,wertpapiers,zuzurechnen,zugangsbewertung,erfolgt,erfüllungstag,realisierte,gewinne,verluste,berücksichti,gung,latenter,steuern,abhängig,zugrunde,liegenden,bewertungskategorie,erfolgswirksam,erfolgsneutral,other,comprehensive,income,erfasst,fremdkapitalinstrumente,erfolgsneutral,beizulegenden,zeitwert,bewertet,wertminderung,höhe,erwarteten,kreditverluste,erfolgswirksam,erfasst,other,comprehensive,income,ausgewiesenen,änderungen,abgang,instrumente,erfolgswirksam,erfasst,flüssige,mittel,umfassen,kassenbestände,guthaben,kreditins,tituten,kurzfristig,veräußerbare,festverzinsliche,wertpapiere,restlaufzeit,erwerb,drei,monaten,veräußerung,bestimmte,vermögenswerte,vermö,genswerte,ausgewiesen,gegenwärtigen,zustand,veräußert,deren,veräußerung,innerhalb,nächsten,zwölf,monate,wahrscheinlich,dabei,einzelne,langfristige,vermögenswerte,gruppen,vermögenswerten,veräußerungsgruppen,geschäfts,bereiche,fortgeführte,aktivitäten,handeln,schulden,zusammen,vermögenswerten,transaktion,abgegeben,sollen,bestandteil,veräußerungsgruppe,fortgeführten,aktivität,veräußerung,bestimmte,schulden,gesondert,ausgewiesen,veräußerung,bestimmte,langfristige,vermögenswerte,unterliegen,planmäßigen,abschreibung,beizulegenden,zeitwert,abzüglich,veräußerungskosten,angesetzt,sofern,betrag,niedriger,buchwert,gewinne,verluste,bewertung,einzelner,veräuße,rung,bestimmter,vermögenswerte,veräußerungsgruppen,endgültigen,veräußerung,ergebnis,fortge,führten,aktivitäten,ausgewiesen,gewinne,verluste,bewertung,fortgeführter,aktivitäten,bestimmten,vermögenswerten,fortgeführten,aktivität,bewertungsvorschriften,gemäß,ifrs,5,fallen,ergebnis,fortgeführten,aktivitäten,erfasst,aktienoptionsprogramme,aktienbasierte,vergütun,gen,barausgleich,bilanziert,bilanzstichtag,rückstellung,höhe,zeitanteiligen,beizulegenden,zeitwertes,zahlungsverpflichtung,gebildet,änderungen,beizulegenden,zeitwertes,erfolgswirksam,erfasst,beizulegende,zeitwert,optionen,mithilfe,anerkannter,finanzwirtschaft,licher,modelle,bestimmt,rückstellungen,sämtliche,bilanzstichtag,gegenüber,dritten,bestehenden,rechtlichen,faktischen,verpflichtungen,gebildet,daraus,ergeben,vergangene,ereignisse,wahrscheinlich,ressourcenabfluss,führen,höhe,verlässlich,geschätzt,rückstellungen,voraussichtlichen,erfüllungsbetrag,angesetzt,erstattungsansprüchen,saldiert,rückstellung,große,anzahl,positionen,umfasst,verpflichtung,gewichtung,möglichen,ergebnisse,jeweiligen,eintrittswahrscheinlichkeiten,geschätzt,erwartungswertmethode,langfristigen,rückstellungen,bilanzstichtag,abgezinsten,voraussichtlichen,erfüllungsbetrag,bilanziert,ermittlung,betrags,erfüllungszeitpunkt,voraussichtlich,eintretenden,kostensteigerungen,berücksichtigen,konzernabschluss,anhang111,anschaffungs,herstellungskosten,sachanlagen,enthalten,gegebenenfalls,geschätzten,ausgaben,stilllegung,anlage,wiedernutzbarmachung,flächen,ausgaben,stilllegungs,rekultivierungs,ähnliche,rückstellungen,gebildet,fall,änderungen,beim,zinssatz,schätzungen,zeitlichen,anfalls,höhe,auszahlungen,anpassung,rückstellungen,erforderlich,buchwert,zugehörigen,vermö,genswertes,entsprechendem,umfang,erhöht,vermindert,fall,verminderung,höher,ausfällt,buchwert,überschießende,betrag,direkt,erfolgswirksam,erfassen,rückstellungen,grundsätzlich,aufwandsposten,aufgelöst,gebildet,wurden,rückstellungen,pensionen,ähnliche,verpflichtungen,leistungsorientierte,versorgungspläne,gebildet,dabei,handelt,verpflichtungen,unternehmens,anwartschaften,laufenden,leistungen,berechtigte,aktive,ehemalige,mitarbeiter,sowie,deren,hinterbliebene,verpflichtungen,beziehen,insbesondere,ruhegelder,individuellen,zusagen,richten,i˜d˜r,dauer,betriebszugehörig,keit,vergütung,mitarbeiter,bewertung,rückstellungen,leistungsorientierte,versorgungspläne,versicherungsmathematische,barwert,jeweiligen,verpflichtung,zugrunde,gelegt,mithilfe,anwartschaftsbarwertverfahrens,projectedunitcreditme,thode,ermittelt,verfahren,stichtag,bekannten,renten,erworbenen,anwartschaften,erwartete,künftige,steigerungen,gehältern,renten,berücksichtigt,berechnung,stützt,versiche,rungsmathematische,gutachten,berücksichtigung,biometri,scher,daten,deutschland,insbesondere,richttafeln,2018,g,klaus,heubeck,großbritannien,standard,sap,table,s2pa,laufenden,jahres,berücksichtigung,künftiger,sterblichkeits,veränderungen,rückstellung,ergibt,saldo,versicherungsmathematischen,barwertes,verpflichtung,beizulegenden,zeitwert,deckung,pensionsver,pflichtung,gebildeten,planvermögens,dienstzeitaufwand,personalaufwand,enthalten,nettozinsergebnis,geht,finanzergebnis,gewinne,verluste,neubewertungen,nettoschuld,nettovermögenswertes,vollständig,geschäfts,jahr,erfasst,anfallen,außerhalb,gewinn,verlustrechnung,bestandteil,other,comprehensive,income,gesamtergebnisrechnung,ausgewiesen,unmittelbar,gewinnrücklagen,gebucht,folgeperi,oden,mehr,erfolgswirksam,beitragsorientierten,versorgungsplänen,geht,unternehmen,entrichtung,beitragszahlungen,zweckgebundene,fonds,hinaus,weiteren,verpflichtungen,beitragszah,lungen,personalaufwand,ausgewiesen,entsorgungsrückstellungen,kernenergiebereich,basieren,öffentlichrechtlichen,verpflichtungen,insbesondere,atomgesetz,sowie,auflagen,betriebsgenehmigungen,bewertung,liegen,schätzungen,zugrunde,konkretisie,renden,verträgen,sowie,angaben,internen,externen,experten,z˜b,fachgutachtern,beruhen,bilanzstichtag,bestehenden,bilanzaufstellung,erkennbaren,verpflichtungen,wiedernutzbarmachung,flächen,sowie,verursachten,bereits,eingetretenen,bergschäden,bergbaubedingte,rückstellungen,berücksichtigt,rückstellungen,aufgrund,öffentlichrechtli,cher,verpflichtungen,bilden,entsprechenden,gesetzlichen,regelungen,bundesberggesetz,basieren,betriebsplänen,wasserrechtlichen,erlaubnisbescheiden,konkretisiert,rückstellungen,grundsätzlich,vollumfänglich,bezogen,jeweiligen,abbaustand,gebildet,bewertet,erwartenden,vollkosten,bzw,geschätzten,schadenersatzleistungen,wesentlichen,teilen,basieren,kostenschätzungen,externen,gutachten,verpflichtung,einreichung,co,2emissionsrechten,zertifikaten,alternativer,energien,zuständigen,behörden,rückstellung,gebildet,wesentlichen,gesicherten,terminpreis,co,2rechte,bzw,zertifikate,alternativer,energien,bewertet,teil,verpflichtung,vorhandene,termin,erworbene,zertifikate,gedeckt,rückstellung,hierfür,marktpreis,emissionsrechte,bzw,zertifikate,alternativer,energien,stichtag,bewertet,verbindlichkeiten,umfassen,finanzverbindlichkeiten,verbindlichkeiten,lieferungen,leistungen,ertrag,steuerverbindlichkeiten,sowie,übrige,verbindlichkeiten,erstmaligem,ansatz,grundsätzlich,beizulegen,zeitwert,einschließlich,transaktionskosten,erfasst,folgeperioden,œ,ausnahme,derivativen,finanzinstrumente,œ,fortgeführten,anschaffungskosten,bewertet,leasing,verbindlich,keiten,barwert,künftigen,leasing,zahlungen,passiviert,zwecke,folgebewertung,leasing,zahlungen,finanzierungskosten,tilgungs,anteil,restschuld,aufgeteilt,finanzierungskosten,laufzeit,leasingverhältnisses,verteilt,perioden,konstanter,zinssatz,bezogen,verbliebene,schuld,ergibt,ertragsteuerverbindlichkeiten,ungewisse,ertragsteuerpositionen,angesetzt,wahrscheinlich,i˜d˜r,wahrscheinlichsten,betrag,bewertet,ausnahmefällen,kommt,bewertung,erwartungswert,betracht,zudem,übrigen,verbindlichkeiten,vertrags,verbindlichkeiten,ausgewiesen,vertragsverbindlichkeit,verpflichtung,konzerns,ausgewiesen,güter,dienstleistun,gen,kunden,übertragen,bereits,gegenleistung,erhalten,bzw,gegenleistung,bereits,fällig,112,derivative,finanzinstrumente,vermögenswerte,verbindlichkeiten,bilanziert,œ,unabhängig,zweck,œ,beizulegenden,zeitwert,bewertet,änderungen,wertes,erfolgswirksam,erfasst,sei,derivativen,finanzinstrumente,stehen,bilanziellen,sicherungsbeziehung,fall,richtet,erfassung,änderungen,beizulegenden,zeitwertes,art,sicherungsgeschäfts,fair,value,hedge,bilanzierte,vermögenswerte,schulden,risiko,änderung,beizulegenden,zeitwertes,abgesichert,dabei,gilt,änderungen,beizulegenden,zeitwerte,sicherungsgeschäfts,gesicherten,teils,dazugehörigen,grundgeschäfts,position,gewinn,verlustrechnung,erfasst,absicherung,bilanzunwirksamen,festen,verpflichtungen,fair,value,hedge,bilanziert,änderungen,beizulegenden,zeitwertes,festen,verpflichtung,hinblick,abgesicherte,risiko,führen,erfolgswirksamen,ansatz,vermögenswertes,schuld,cash,flow,hedge,dienen,absicherung,risikos,bilanzierten,vermögenswert,bilanzierten,schuld,hoher,wahrscheinlichkeit,eintretenden,geplanten,transaktion,verbundenen,zukünftigen,zahlungsströme,schwanken,liegt,cash,flow,hedge,realisierten,gewinne,verluste,sicherungsgeschäfts,zunächst,other,comprehensive,income,erfasst,gehen,erst,gewinn,verlustrechnung,abgesicherte,grundgeschäft,erfolgswirksam,geplante,transaktionen,gesichert,führen,transaktionen,späteren,perioden,ansatz,finanziellen,vermögenswertes,finanziellen,verbindlich,keit,zeitpunkt,eigenkapital,erfassten,beträge,derjenigen,periode,erfolgswirksam,aufzulösen,vermögenswert,verbindlichkeit,perioden,ergebnis,beeinflusst,führen,transaktionen,ansatz,nichtfinanziellen,vermögenswerten,verbindlichkeiten,z˜b,beim,erwerb,sachanlagevermögen,erfolgsneutral,eigenkapital,erfassten,beträge,erstmaligen,wertansatz,vermögenswertes,verbindlichkeit,verrechnet,hedge,nettoinvestitionen,ausländische,teileinheiten,net,investment,hedge,zielen,darauf,ab,fremdwährungsrisiko,beteiligungen,ausländischer,funktionalwährung,abzusichern,realisierte,gewinne,verluste,sicherungsge,schäften,veräußerung,ausländischen,teileinheit,other,comprehensive,income,erfasst,bilanzielle,sicherungsbeziehungen,müssen,ausführlich,dokumen,tiert,nachfolgend,aufgeführten,effektivitätsanforderun,gen,erfüllenł,grundgeschäft,sicherungsgeschäft,besteht,wirtschaftlicher,zusammenhang,ł,wertänderung,sicherungsbeziehung,kreditrisiko,dominiert,ł,absicherungsverhältnis,basiert,tatsächlich,rahmen,risikomanagements,verwendeten,mengen,effektive,teil,sicherungsbeziehung,darf,beschriebenen,regeln,bilanziert,ineffektive,teil,sofort,erfolgswirksam,gewinn,verlustrechnung,erfasst,verträge,empfang,lieferung,nichtfinanzieller,posten,gemäß,erwarteten,einkaufs,verkaufs,nutzungs,bedarf,unternehmens,gegenstand,eigenver,brauchverträge,derivative,finanzinstrumente,schwebende,geschäfte,bilanziert,enthalten,verträge,eingebettete,derivate,derivate,getrennt,basisvertrag,bilanziert,sofern,wirtschaftlichen,merkmale,risiken,eingebetteten,derivats,eng,wirtschaft,lichen,merkmalen,risiken,basisvertrags,verbunden,geschriebene,optionen,kauf,verkauf,nichtfinanzieller,posten,barausgleich,erfüllt,eigenverbrauchverträge,eventualschulden,mögliche,verpflichtungen,gegenüber,dritten,bereits,bestehende,verpflichtungen,wahrscheinlich,ressourcenabfluss,führen,höhe,verlässlich,bestimmt,eventualschulden,bilanz,erfasst,rahmen,unterneh,menszusammenschlusses,übernommen,wurden,anhang,angegebenen,verpflichtungsvolumina,eventualschulden,entsprechen,bilanzstichtag,bestehenden,haftungsumfang,ermessensentscheidungen,anwendung,bilanzierungs,bewertungsmethoden,anwendung,bilanzierungs,bewertungsmethoden,ermessensentscheidungen,treffen,gilt,insbesondere,folgende,sachverhalte,ł,bestimmten,verträgen,entscheiden,derivate,behandeln,sogenannte,eigenverbrauchverträge,schwebende,geschäfte,bilanzieren,ł,finanzielle,vermögenswerte,abhängig,vertrag,lichen,zahlungsströmen,angewendeten,geschäftsmodell,klassi˙ziert,vertraglichen,zahlungsströme,ausstattungsmerkmale,finanzinstruments,vorgegeben,ergibt,geschäftsmodell,basis,konzerninterner,vorga,ben,verschiedenen,portfolien,finanzinstrumenten,ł,vermögenswerten,veräußert,sollen,bestimmen,aktuellen,zustand,veräußert,veräußerung,innerhalb,nächsten,zwölf,monate,wahrscheinlich,beides,fall,vermögenswerte,gegebenenfalls,zugehörige,schulden,veräußerung,bestimmte,vermögenswerte,bzw,schulden,auszuweisen,bewerten,schätzungen,beurteilungen,management,aufstellung,konzernabschlusses,ifrs,erfordert,annahmen,getroffen,schätzungen,gemacht,wertansatz,bilanzierten,vermögenswerte,schulden,erträge,aufwendungen,sowie,angabe,eventual,schulden,auswirken,konzernabschluss,anhang113,annahmen,schätzungen,beziehen,u˜a,bilanzierung,bewertung,rückstellungen,langfristigen,rückstellungen,stellt,neben,höhe,zeitpunkt,zukünfti,ger,zahlungsströme,bestimmung,abzinsungsfaktors,wichtige,schätzgröße,dar,abzinsungsfaktor,pension,verpflichtungen,grundlage,finanzmärkten,bilanzstichtag,beobachtbaren,renditen,erstrangiger,festverzins,licher,unternehmensanleihen,ermittelt,finanzielle,vermögenswerte,anwendungsbereich,wert,berichtigungsvorschriften,ifrs,9,höhe,erwarteten,kreditverluste,bestimmen,höhe,wertberichtigung,ergibt,basis,konzerninterner,konzernexterner,informationen,werthaltigkeitstest,geschäfts,firmenwerte,anlagevermögen,stützt,zukunftsbezogene,annahmen,regelmäßig,angepasst,anlagevermögen,stichtag,prüfen,anhaltspunkt,wertminde,rung,vorliegt,kraftwerke,zahlungsmittel,generierenden,einheit,zusammengefasst,erzeugungskapazität,brennstoffbedarf,teil,portfolio,zentral,gesteuert,zurechnung,einzelner,verträge,zahlungsströme,einzelne,kraftwerke,möglich,erstkonsolidierung,erworbenen,unternehmens,identifizierbaren,vermögenswerte,schulden,eventualschul,beizulegenden,zeitwert,angesetzt,bestimmung,beizulegenden,zeitwertes,liegen,u˜a,bewertungsmethoden,zugrunde,prognose,zukünftig,erwarteten,cash,flow,erfordern,aktive,latente,steuern,angesetzt,realisierbarkeit,künftiger,steuervorteile,wahrscheinlich,tatsächliche,entwicklung,hinblick,steuerliche,ergebnissituation,nutzbarkeit,aktiver,latenter,steuern,allerdings,einschätzung,zeitpunkt,aktivierung,latenten,steuern,abweichen,weitere,informationen,annahmen,schätzungen,konzernabschluss,zugrunde,liegen,finden,erläuterungen,einzelnen,abschlussposten,sämtliche,annahmen,schätzungen,basieren,verhält,nissen,beurteilungen,bilanzstichtag,einschätzung,voraussichtlichen,geschäftsentwicklung,wurde,außerdem,zeitpunkt,realistisch,unterstellte,künftige,wirtschaft,liche,umfeld,branchen,regionen,denen,rwe,tätig,berücksichtigt,sollten,rahmenbedingungen,erwartet,entwickeln,tatsächlichen,beträge,schätzwerten,abweichen,fällen,annahmen,fall,erforderlich,buchwerte,betroffenen,vermögens,werte,schulden,angepasst,zeitpunkt,aufstellung,konzernabschlusses,davon,auszugehen,wesentliche,änderungen,gegenüber,zugrunde,gelegten,annahmen,schätzungen,ergeben,kapitalmanagement,vordergrund,finanzpolitik,rwekonzerns,steht,gewährleistung,permanenten,zugangs,kapitalmarkt,ziel,jederzeit,fälligen,schulden,refinanzie,ren,finanzierung,operativen,geschäfts,gewährleisten,ziel,dienen,solides,rating,positiver,operativer,cash,flow,steuerung,kapitalstruktur,rwe,orientiert,nettoschulden,ermittelt,nettofinanz,schulden,wesentlichen,langfristigen,rückstellungen,addiert,aktivisch,ausgewiesene,nettovermögen,fondsgedeckten,pensionsverpflichtungen,abgezogen,nettoschulden,relevanten,verbindlichkeiten,rwe,bestehen,größtenteils,hybridanleihen,rückstellungen,pensionen,kernenergie,bergbau,windparks,kapitalstruktur,rwekonzerns,berichtsjahr,deutlich,verändert,ursächlich,hierfür,umsetzung,transaktion,eon,siehe,seite,106,f,wurden,nettoschulden,fortgeführten,aktivitäten,abfluss,variation,margin,termingeschäften,strom,rohstoffen,co,2zertifikaten,deutlich,beeinflusst,variation,margin,handelt,zahlungen,denen,transaktionspartner,untereinander,gewinn,verlustpositionen,besichern,tägliche,neubewertung,laufender,verträge,entstehen,einfluss,variation,margin,cash,flow,jedoch,vorüber,gehend,endet,realisierung,transaktion,beide,genannten,effekte,deutlichen,reduzierung,finanzvermögens,geführt,verringerung,netto,finanzvermögens,fortgeführten,aktivitäten,höhe,60,mrd˜•,31,dezember,2019,vorjahr,74,mrd˜•,beigetra,gen,weiteren,erhöhten,nettoschuldenrelevanten,rückstellungen,37,mrd˜•,156,mrd,•,vorjahr,119,mrd˜•,rück,stellungen,weisen,durchschnitt,lange,duration,höhe,insbesondere,externe,faktoren,allgemeine,zins,niveau,bestimmt,genaue,berechnung,nettoschulden,bzw,nettofinanzschulden,findet,seite,32,lageberichts,kreditrating,rwe,vielzahl,qualitativer,quantitativer,faktoren,beeinflusst,hierzu,zählen,finanzmittelzu,flüsse,verschuldung,ebenso,marktumfeld,wettbewerbsposition,politischen,rahmenbedingungen,begebenen,hybridanleihen,wirken,positiv,rating,führenden,ratingagenturen,moody™s,fitch,stufen,hybridkapital,teilen,eigenkapital,bonität,rwe,derzeit,moody™s,—baa3ﬁ,fitch,—bbbﬁ,bewertet,bewegt,rating,rwe,weiterhin,bereich,—investment,gradeﬁ,kurzfristigen,bonitäts,noten,rwe,lauten,—p3ﬁ,bzw,—f2ﬁ,114,änderungen,rechnungs,legungsvorschriften,international,accounting,standard,board,iasb,ifrs,interpretation,committee,ifrs,ic,neue,ifrs,änderun,gen,bestehenden,ifrs,sowie,neue,interpretation,verab,schiedet,rwekonzern,seit,geschäftsjahr,2019,verpflichtend,anzuwenden,ifrs,16,—leasingverhältnisseﬁ,2016,ersetzt,bisherigen,regelungen,ia,17,—leasingverhältnisseﬁ,sowie,zugehörigen,interpretationen,ifric,4,sic15,sic27,erstmaligen,anwendung,neuen,regelungen,leasingbilanzierung,wendet,rwe,modifiziert,retrospektive,methode,vergleichsinfor,mationen,geschäftsjahr,2018,wurden,angepasst,bestehende,verträge,rwe,bereits,erfolgte,beurteilung,vorliegen,leasingverhältnisses,gemäß,ia,17,ifric,4,beibehalten,zudem,macht,rwe,ausnahmeregelungen,gebrauch,kurzfristige,bzw,geringwertige,vermögenswerte,betreffende,leasingverhältnisse,nutzungsrechte,bilanz,erfassen,rahmen,umstellung,ifrs,16,ergaben,auswirkungen,eigenkapital,erstmalige,anwendung,ifrs,16,folgende,auswirkun,gen,fortgeführten,aktivitäten,rwekonzerns,1,januar,2019,wurden,nutzungsrechte,höhe,353,mio˜•,nettoschulden,erhöhende,leasingverbindlichkeiten,gleicher,höhe,angesetzt,berücksichtigung,zwischenzeit,lich,entkonsolidierten,fortgeführten,aktivitäten,führte,erstanwendung,ifrs,16,erhöhung,bilanzsumme,insgesamt,2251,mio˜•,übergangszeitpunkt,rwe,neuen,vorschriften,leasingverhältnisse,angewendet,deren,laufzeit,innerhalb,ersten,zwölf,monate,erstanwendungszeitpunkt,endet,verträge,kurzfristige,leasingverhältnisse,bilanziert,leasingzahlun,gen,laufenden,aufwand,periode,erfasst,ebenso,blieben,erstmaligen,bewertung,nutzungsrechte,übergangs,zeitpunkt,anfängliche,direkte,kosten,unberücksichtigt,nutzungs,rechte,gemäß,ifrs,16,sachanlagen,ausgewiesen,linear,laufzeit,leasingverhältnisses,kürzere,nutzungsdauer,abgeschrieben,rahmen,leasingverträgen,eingegangenen,verpflichtungen,barwert,künftigen,leasingzahlungen,bewertet,innerhalb,finanzverbindlichkeiten,ausgewiesen,leasingzahlungen,anwendung,effektivzinsmethode,tilgungs,zinskomponenten,aufgeteilt,berichtszeitraum,erhöhten,einführung,ifrs,16,abschreibungen,58,mio˜•,zinsaufwendungen,17,mio˜•,wegfall,aufwandswirksamen,erfassung,nominalen,leasingzahlungen,wurde,bereinigte,ebitda,berichtszeitraum,etwa,gleicher,höhe,entlastet,soda,wesentlicher,effekt,nettoergeb,ni,resultierte,ausgehend,verpflichtungen,operatingleasing,verträgen,31,dezember,2018,ergibt,nachfolgende,überleitung,eröffnungsbilanzwert,leasingverbindlich,keiten,1,januar,2019,erstanwendung,ifrs,16,überleitung,mio˜•,verp˚ichtungen,operating,leasing,31122018572inanspruchnahme,anwendungs,erleichterungen,kurzfristige,leasing,verhältnisse,œ˜10leasingzahlungen,leasingverhältnis,sen,bereits,vertraglich,vereinbart,begonnen,œ˜67sonstige,di˚erenzen,œ˜3nominalwert,leasingverbindlichkeiten,01012019492diskontierung,leasingverbindlichkeiten,œ˜139aufgrund,erstmaligen,anwendung,ifrs,16,erfasste,leasingverbindlich,keiten,01012019353verbindlichkeiten,finanzierungsleasing,31122018241leasingverbindlichkeiten,01012019594die,position,—sonstige,differenzenﬁ,beinhaltet,wesentlichen,nichtleasingkomponenten,ansatz,leasingver,bindlichkeiten,ausgeschlossen,wurden,differenzen,aufgrund,geänderter,laufzeiteinschätzungen,ifrs,16,diskontie,rung,leasingverbindlichkeiten,erfolgt,anwendung,laufzeit,währungsspezifischer,grenzfremdkapitalzinssätze,zeitpunkt,erstmaligen,anwendung,ifrs,16,betrug,gewichtete,durchschnittliche,grenzfremdkapitalzinssatz,37˜,folgenden,rwekonzern,seit,geschäftsjahr,2019,anzuwendenden,änderungen,standard,neuen,interpreta,tionen,wesentlichen,auswirkungen,rwekon,zernabschluss,ł,jährliche,verbesserungen,ifrsstandards,zyklus,2015œ2017,2017,ł,änderungen,ifrs,9,—vorfälligkeitsregelungen,negativer,ausgleichsleistungﬁ,2017,ł,änderungen,ia,28,—langfristige,anteile,assoziierten,unternehmen,gemeinschaftsunternehmenﬁ,2017,ł,änderungen,ia,19,—planänderung,kürzung,abgel,tungﬁ,2018,ł,ifric,23,—bilanzierung,steuerrisikopositionenﬁ,2017,konzernabschluss,anhang115,ifrs,9,—finanzinstrumenteﬁ,œ,physische,erfüllung,verträgen,kauf,verkauf,nicht˛nanziellen,postens,sogenannte,ownuseverträge,ifrs,ic,agendaentscheidung,märz,2019,festgestellt,physisch,erfüllte,verträge,kauf,verkauf,nichtfinanzieller,posten,höhe,erfüllung,geltenden,marktpreises,erfassen,sofern,verträge,eigenbedarfsausnahme,ifrs,9,—finanzinstrumenteﬁ,fallen,sogenannte,failedownuseverträge,bisherige,praxis,sah,erfassung,verträge,erfüllungsbetrag,geschäftsjahr,2018,erhöhten,hierdurch,umsatz,erlöse,108,mio˜•,materialaufwendungen,wurden,149,mio˜•,verringert,führte,insgesamt,ergebnis,effekten,zusammenhang,sonstigen,betrieb,lichen,aufwendungen,44,mio˜•,sonstigen,betrieblichen,erträge,301,mio˜•,verringerten,ia,12,˜˜ifric,23,œ,ausweis,unsicherer,ertragsteuerpositionen,ifrs,ic,sitzung,september,2019,rahmen,agendaentscheidung,festgestellt,unsichere,ertrag,steuer,positionen,laufenden,steuerverbindlichkeiten,zuweisen,rwekonzernabschluss,ergibt,daraus,bisher,steuerrückstellungen,sonstigen,rückstellungen,gewiesenen,beträge,ertragsteuerverbindlichkeiten,umzuglie,dern,vorjahreszahlen,wurden,entsprechend,angepasst,neue,rechnungslegungsvorschriften,iasb,weitere,standard,änderungen,standard,verabschiedet,eu,geschäftsjahr,2019,verpflichtend,anzuwenden,nachfolgend,aufgeführten,standard,änderungen,standard,voraussichtlich,wesentlichen,auswirkungen,rwekonzernabschluss,habenł,ifrs,17,—insurance,contractsﬁ,2017,ł,änderungen,verweise,rahmenkonzept,ifrs,standard,2018,ł,amendment,to,ifrs,3,—business,combinationsﬁ,2018,ł,änderungen,ia,1,ia,8,—de˙nition,wesentlichﬁ,2018,ł,änderungen,ifrs,9,ia,39,ifrs,7,—reform,referenz,zinssätzeﬁ,2019,ł,amendment,to,ia,1,—presentation,of,financial,statement,classi˙cation,of,liability,a,current,or,noncurrent,ﬁ,2020,ifrs,16,œ,bestimmung,leasinglaufzeit,ifrs,ic,sitzung,november,2019,rahmen,agendaentscheidung,festgestellt,bestimmung,bindenden,laufzeit,leasingvertrags,allein,vertrag,liche,strafzahlungen,weitere,wirtschaftliche,anreize,berücksichtigen,berücksichtigung,wirtschaftlicher,anreize,grundsätzlich,längeren,laufzeiten,leasing,verhältnisse,höheren,bilanzierten,nutzungsrechten,leasingverbindlichkeiten,kommen,auswirkungen,ifrsicagendaentscheidung,rwekonzernabschluss,derzeit,geprüft,umsetzung,ifrsicagendaentscheidung,ende,ersten,halbjahres,2020,avisiert,116,erläuterungen,gewinn,verlustrechnung,1,umsatzerlöse,umsatzerlöse,erfasst,kunde,beherrschung,güter,dienstleistungen,erlangt,umsatzerlösen,weisen,verkaufserlös,unserer,kraftwerkserzeugung,sowie,geschäft,endkunden,umsatzerlöse,kraftwerkserzeugung,basieren,kommerzielle,optimierung,erzielten,verkaufspreis,umsatzerlöse,endkunden,zeigen,bruttobasis,berichtsjahr,rwe,segment,energiehandel,außenumsätze,höhe,7455,mio˜•,innogygruppe,sowie,höhe,1472,mio˜•,centricagruppe,erzielt,vorjahr,brutto,umsätze,höhe,13752,mio˜•,fortgeführten,innogyaktivitäten,umsatzerlöse,segmentberichterstattung,seite,169,ff,unternehmensbereichen,regionen,produkten,aufgegliedert,position,—erdgasstromsteuerﬁ,umfasst,gesellschaften,konzerns,unmittelbar,gezahlte,steuer,ende,geschäftsjahres,bestanden,rwekonzern,bzw,vollständig,erfüllte,leistungsverpflichtungen,vereinnahmung,leistungsverpflichtungen,entfallenden,umsatzerlöse,höhe,4276,mio˜•,vorjahr,4650,mio˜•,folgenden,drei,jahren,erwartet,vereinnahmung,hängt,zeitlichen,ablauf,erfüllung,leistungsverpflichtungen,gegenüber,kunden,ab,erwarte,ten,zukünftigen,umsatzerlöse,verträgen,ursprüng,lichen,vertragslaufzeit,zwölf,monaten,weniger,darin,enthalten,sonstige,betriebliche,erträge,20192018in,mio˜•,erträge,aktivierten,eigenleistungen,6745erträge,bestandsveränderung,erzeugnisse,30au˛ösung,rückstellungen,1057kostenumlagenerstattungen,11663abgänge,zuschreibungen,kurzfristigen,vermögenswerten,wertpapiere,4abgänge,zuschreibungen,anlagegegenständen,inkl,erträge,entkonsolidierungen,525103erträge,derivativen,finanzinstrumenten,8971071ersatz,versicherungsleistungen,3426erträge,leasing,1620übrige,306120547566301,angepasster,wert,umsetzung,ifrsicagendaentscheidung,—failedownuseﬁ,erträge,derivativen,finanzinstrumenten,301,mio˜•,verringert,2,sonstige,betriebliche,erträge,berichtsjahr,wurden,segment,europäische,stromerzeugung,zuschreibungen,schottischen,biomassekraftwerk,markinch,höhe,71,mio˜•,vorgenommen,erzielbarer,betrag,02,mrd˜•,wesentlichen,begründet,geänderte,annahmen,förderung,bereich,erneuerbaren,energien,zuschrei,bungen,entfielen,vollständig,sachanlagevermögen,zudem,wurden,segment,europäische,stromerzeugung,zuschreibungen,zahlungsmittel,generierenden,einheit,deutsche,gas,wasserkraftwerke,inkl,zugehörigen,strombezugsverträge,höhe,363,mio˜•,vorgenommen,erzielbarer,betrag,05,mrd˜•,wesentlichen,seite,118,f,erläuterte,neudefinition,zahlungsmittel,generierenden,einheiten,segment,europäische,stromerzeu,gung,begründet,zuschreibungen,entfielen,vollständig,sach,anlagevermögen,vorjahr,wurden,segment,fortgeführte,innogyaktivitäten,zuschreibungen,höhe,38,mio˜•,onshorewindparks,polen,vorgenommen,erzielbarer,betrag,02,mrd˜•,wesent,lichen,gestiegene,preise,strom,grünstrom,zertifikate,begründet,zuschreibungen,entfielen,36,mio˜•,sachanlagevermögen,2,mio˜•,operating,right,immateriellen,vermögenswerten,ausgewiesen,übrigen,erträge,enthalten,höhe,2600,mio˜•,bund,zugesagten,entschädigungsleistungen,vorzeitigen,ausstieg,braunkohlegeschäft,konzernabschluss,anhang117,erträge,abgang,finanzanlagen,ausleihungen,soweit,beteiligungen,betreffen,beteiligungsergebnis,ausgewiesen,ansonsten,œ,ebenso,erträge,abgang,kurzfristiger,wertpapiere,œ,finanzergebnis,gezeigt,geschäftsentwicklung,zutreffender,darzustellen,weisen,unrealisierte,realisierte,ergebnis,fair,value,bewerteten,verträgen,segment,energiehandel,netto,nettoertrag,beläuft,258,mio˜•,vorjahr,42,mio˜•,3,materialaufwand,materialaufwand,201920181in,mio˜•,aufwendungen,roh,hilfs,betriebssto˚e,sowie,bezogene,76638615aufwendungen,bezogene,leistungen,14151383907899981,angepasster,wert,wegen,änderungen,ergebniserfassung,zusammenhang,derivatgeschäften,materialaufwand,90,mio˜•,verringert,umsetzung,ifrsicagenda,entscheidung,—failedownuseﬁ,wurde,weitere,149,mio,•,verringert,materialaufwendungen,aufwendungen,einsatzstoffe,kraftwerke,enthalten,aufwendungen,kohle,höhe,195,mio˜•,vorjahr,370,mio˜•,wurden,erfüllung,geltenden,marktpreis,erfasst,berichtsjahr,wurden,aufgrund,gesunkenen,marktpreisen,wertminderungen,kohlevorräte,höhe,21,mio˜•,vorjahr,4,mio˜•,vorgenommen,4,personalaufwand,personalaufwand,20192018in,mio˜•,löhne,gehälter,21241487sozialabgaben,aufwendungen,altersversorgung,unterstützung,40240825261895,anzahl,mitarbeiter,20192018tarif,sonstige,mitarbeiter,2821445333außertari˛iche,mitarbeiter,9868131083808258441,abschreibungen,20192018in,mio˜•,immaterielle,vermögenswerte,10726sachanlagen30599223166948,außerplanmäßige,abschreibungen,20192018in,mio˜•,immaterielle,vermögenswerte,46sachanlagen192247196847,anzahl,mitarbeiter,ergibt,umrechnung,vollzeit,stellen,heißt,teilzeitbeschäftigte,befristete,beschäftigungs,verhältnisse,teilzeitquote,bzw,beschäfti,gungszeit,verhältnis,jahresbeschäftigungszeit,erfasst,konkretisierenden,gesetzlichen,maßnahmen,reduzie,rung,beendigung,braun,steinkohleverstromung,deutschland,bzw,abspaltung,beiden,bisherigen,zahlungsmittel,generierenden,einheiten,braunkohle˜˜kernenergie,deutscher,kraftwerkspark,segment,europäische,strom,erzeugung,folge,trägt,rwe,veränderten,regulatori,schen,umfeld,konsequenzen,rechnung,daraus,stromvermarktung,ergeben,anlass,vorgenommene,werthaltigkeitstest,segment,braunkohle˜˜kernenergie,ergab,neue,zahlungsmit,tel,generierende,einheit,hambach,außerplanmäßige,abschrei,bung,höhe,400,mio˜•,erzielbarer,betrag,œ˜02,mrd˜•,neue,zahlungsmittel,generierende,einheit,inden,außerplan,mäßige,abschreibung,höhe,114,mio˜•,erzielbarer,betrag,00,mrd,•,neue,zahlungsmittel,generierende,einheit,garzweiler,außerplanmäßige,abschreibung,höhe,253,mio˜•,erzielbarer,betrag,13,mrd˜•,effekte,resultieren,ausschließlich,bundesregierung,vereinbarten,vorzeitigen,beendigung,braunkohleverstromung,auftei,lung,vermögenswerte,neuen,zahlungsmittel,generie,renden,einheiten,erfolgt,anhand,energieträger,braunkohle,kernkraft,sowie,innerhalb,braunkohle,zusätzlich,geo,angegebene,anzahl,mitarbeiter,jahresdurchschnittswert,enthält,fortgeführten,innogyaktivitäten,übernommenen,eonaktivitäten,einschließlich,zweiten,quartals,2019,fortgeführten,innogyaktivitäten,fortgeführten,innogyaktivitäten,entfallen,14663,tarif,sonstige,mitarbeiter,vorjahr,32232,sowie,4561,außer,tarifliche,mitarbeiter,vorjahr,8614,jahresdurchschnitt,wurden,1280,vorjahr,2031,auszubildende,beschäftigt,davon,659,vorjahr,1452,fortgeführten,innogyaktivi,täten,zuzuordnen,5,abschreibungen,abschreibungen,folgende,außerplanmäßige,abschrei,bungen,enthalten,118,grafischen,logistischen,technologischen,gegebenheiten,außerplanmäßigen,abschreibungen,entfallen,höhe,240,mio,•,rückstellungsveränderungen,posten,—sachanlagenﬁ,aktiviert,wurden,zudem,ergab,vorgenommene,werthaltigkeitstest,segment,europäische,stromerzeugung,neue,zahlungsmittel,generie,rende,einheit,deutsche,gas,wasserkraftwerke,inkl,zugehörigen,strombezugsverträge,wertaufholungen,höhe,363,mio˜•,sonstigen,betrieblichen,erträgen,erfasst,erzielbarer,betrag,05,mrd˜•,erzielbare,betrag,jeweiligen,vermögenswerte,bereich,steinkohle,aufgrund,geänderten,regulatorischen,umfelds,erstmalig,einzeln,ermittelt,daraus,ergaben,außerplanmäßige,abschreibungen,76,mio˜•,erzielbarer,betrag,02,mrd˜•,effekte,resultieren,entfallenen,kompensationen,abspaltung,steinkohle,kraftwerke,zugehörigen,strombezugsverträge,bisherigen,zahlungsmittel,generierenden,einheit,letztere,ebenfalls,erstmalig,einzeln,bewertet,darüber,hinaus,wurden,außerplanmäßige,abschreibungen,zahlungsmittel,generierende,einheit,niederländischer,kraftwerks,park,segment,europäische,stromerzeugung,höhe,693,mio˜•,erzielbarer,betrag,11,mrd˜•,vorgenommen,grund,vorzeitige,beendigung,steinkohleverstromung,niederlanden,vorjahr,wurden,segment,europäische,stromerzeugung,außerplanmäßige,abschreibungen,britische,kraftwerk,staythorpe,höhe,29,mio˜•,vorgenommen,erzielbarer,betrag,03,mrd˜•,segment,fortgeführte,innogyaktivitäten,wurden,außerplan,mäßige,abschreibungen,offshorewindpark,nordsee,ost,höhe,225,mio˜•,erzielbarer,betrag,06,mrd˜•,vorgenommen,resultiert,wesentlichen,geänderten,preis,kosten,erwartungen,darüber,hinaus,wurden,segment,fortgeführte,innogyaktivitäten,außerplanmäßige,abschreibungen,gasspeicher,höhe,69,mio˜•,davon,65,mio˜•,sachanlagen,4,mio˜•,immaterielle,vermögenswerte,vorgenommen,wesentlichen,aufgrund,geänderter,preiserwartungen,erzielbarer,betrag,00,mrd˜•,sonstige,außerplanmäßige,abschreibungen,immaterielle,vermögenswerte,sachanlagen,wurden,wesentlichen,aufgrund,kostensteigerungen,geänderten,preiserwar,tungen,vorgenommen,erzielbaren,beträge,grundsätzlich,basis,beizulegen,zeitwerte,abzüglich,veräußerungskosten,segment,fortgeführte,innogyaktivitäten,zudem,basis,nutzungs,werten,ermittelt,zeitwerte,mithilfe,bewertungs,modellen,zugrundelegung,cashflowplanungen,hergeleitet,berichtsjahr,basierten,bewertungsmodelle,diskontierungszinssätzen,steuern,bandbreite,250˜,475˜,segment,fortgeführte,innogyaktivitäten,basierten,diskontierungszinssätzen,steuern,höhe,390˜,425˜,vorjahr,lag,bewertungsmodell,britische,kraftwerk,staythorpe,diskon,tierungszinssatz,höhe,475˜,zugrunde,zentralen,planungsannahmen,beziehen,u˜a,entwicklung,großhandelspreise,strom,rohöl,erdgas,kohle,co,2,emissionsrechten,endverbraucherpreise,strom,gas,marktanteile,sowie,regulatorischen,rahmenbedingungen,aufgrund,verwendung,interner,planungsannahmen,ermittelten,beizulegenden,zeitwerte,stufe,3,fairvalue,hierarchie,zuzuordnen,konzernabschluss,anhang119,sonstige,betriebliche,aufwendungen,20192018in,mio˜•,aufwendungen,bestandsveränderung,erzeugnisse,5instandhaltung,inkl,erneuerungsverp˛ichtungen,505465rückstellungszuführungenau˛ösungen,1814œ˜196struktur,anpassungsmaßnahmen,15133rechts,sonstige,beratung,sowie,datenverarbeitung,273166abgänge,kurzfristigen,vermögenswerten,wertminderungen,wertminderungen,vorräten,wertpapieren,48abgänge,anlagegegenständen,inkl,aufwand,entkonsolidierung,2456versicherungen,provisionen,frachten,ähnliche,vertriebsaufwendungen,6159allgemeine,verwaltungskosten,6556aufwendungen,derivativen,finanzinstrumenten,701aufwendungen,leasing,4248gebühren,beiträge,6561währungskursverluste,13sonstige,steuern,wesentlichen,substanzsteuern,2927übrige,15011532549061,angepasster,wert,umsetzung,ifrsicagendaentscheidung,—failedownuseﬁ,aufwendungen,derivativen,finanzinstrumenten,44,mio˜•,verringert,6,sonstige,betriebliche,aufwendungen,rückstellungszuführungen,geschäftsjahr,2019,betreffen,wesentlichen,kernenergie,bergbaubereich,siehe,erläuterungen,seite,146,ff,beteiligungsergebnis,20192018in,mio˜•,ergebnis,atequitybilanzierten,beteiligungen,321211ergebnis,konsolidierten,tochterunternehmen,1œ˜45ergebnis,übrigen,beteiligungen,1œ˜6ergebnis,abgang,beteiligungen,5ergebnis,ausleihungen,beteiligungen,19übriges,beteiligungsergebnis,8œ˜42329169,7,beteiligungsergebnis,beteiligungsergebnis,enthält,sämtliche,erträge,aufwendun,gen,zusammenhang,betrieblich,veranlassten,beteiligungen,entstanden,umfasst,ergebnis,at,equity,bilanzierten,beteiligungen,übrige,beteiligungs,ergebnis,120,8,finanzergebnis,finanzergebnis,20192018in,mio˜•,zinsen,ähnliche,erträge,185166andere,finanzerträge,503306finanzerträge,688472zinsen,ähnliche,aufwendungen,258180zinsanteile,zuführungen,rückstellungen,pensionen,ähnliche,verp˛ichtungen,inkl,aktivisch,ausgewiesenen,nettovermögens,4945rückstellungen,entsorgung,kernenergiebereich,bergbaubedingten,rückstellungen,723183sonstigen,rückstellungen,10936andere,finanzaufwendungen,487437finanzaufwendungen,1626881œ˜938œ˜409,finanzergebnis,setzt,zinsergebnis,zinsanteilen,rückstellungszuführungen,sowie,finanzerträgen,finanzaufwendungen,zusammen,zinsanteile,rückstellungszuführungen,enthalten,jährlichen,aufzinsungsbeträge,rechnerischen,zinserträge,planvermögen,deckung,pensionsver,pflichtungen,gekürzt,aufgrund,vorzeitigen,beendigung,braunkohleverstromung,rahmen,deutschen,kohleausstiegs,wurde,realabzinsungssatz,berechnung,bergbau,rückstellungen,gesenkt,verbundene,anstieg,verpflichtungsbarwerte,höhe,463,mio,•,aufwand,zinsanteilen,rückstellungszuführungen,berücksichtigt,zinsaufwendungen,leasingverbindlich,keiten,beliefen,berichtsjahr,26,mio˜•,zinsergebnis,enthält,wesentlichen,zinserträge,verzins,lichen,wertpapieren,ausleihungen,erträge,aufwendungen,wertpapieren,sowie,zinsaufwendungen,zusammenhang,erwerb,herstellung,qualifizierter,vermögenswerte,wurden,berichtsjahr,fremdkapitalkosten,höhe,39,mio˜•,vorjahr,9,mio˜•,bestandteil,anschaffungs,herstellungskosten,aktiviert,dabei,zugrunde,gelegte,finanzierungskostensatz,bewegte,37˜,40˜,vorjahr,44˜,48˜,zinsergebnis,20192018in,mio˜•,zinsen,ähnliche,erträge,185166zinsen,ähnliche,aufwendungen,258180œ˜73œ˜14,zinsergebnis,resultiert,finanziellen,vermögenswerten,verbindlichkeiten,folgenden,bewertungskategorien,ifrs,9,zugeordnet,zinsergebnis,bewertungskategorien,20192018in,mio˜•,fortgeführten,anscha˚ungskosten,bewertete,fremdkapitalinstrumente,123108erfolgswirksam,beizulegenden,zeitwert,bewertete,finanzinstrumente,3030erfolgsneutral,beizulegenden,zeitwert,bewertete,fremdkapitalinstrumente,1614erfolgsneutral,beizulegenden,zeitwert,bewertete,eigenkapitalinstrumente,1614zu,fortgeführten,anscha˚ungskosten,bewertete,˙nanzielle,verbindlichkeiten,œ˜258œ˜180œ˜73œ˜14,finanzerträgen,zählen,u˜a,realisierte,gewinne,abgang,wertpapieren,höhe,19,mio˜•,vorjahr,6,mio˜•,finanzaufwendungen,entfallen,5,mio˜•,vorjahr,13,mio˜•,realisierte,verluste,abgang,wertpapieren,konzernabschluss,anhang121,other,comprehensive,income,erfasste,ertragsteuern,20192018in,mio˜•,marktbewertung,eigenkapital,instrumenten,œ˜3marktbewertung,fremdkapital,instrumenten,œ˜127marktbewertung,finanzinstru,menten,sicherungsbeziehung,œ˜288œ˜1442versicherungsmathematische,gewinne,verluste,leistungsorientierter,pensionszusagen,ähnlicher,verp˛ich,tungen1176410œ˜127œ˜10251,inkl,wertberichtigung,ertragsteuern,20192018in,mio˜•,tatsächliche,ertragsteuern,œ˜136122latente,steuern,44œ˜19œ˜92103,9,ertragsteuern,latenten,steuern,entfallen,29,mio˜•,vorjahr,œ˜2,mio˜•,temporäre,differenzen,berichtsjahr,ergaben,veränderungen,wertberichtigungen,latenter,steuern,höhe,572,mio˜•,vorjahr,œ˜73,mio˜•,tatsächlichen,ertragsteuern,per,saldo,erträge,74,mio˜•,vorjahr,aufwendungen,30,mio˜•,enthalten,vorangegangene,perioden,betreffen,steuern,höhe,394,mio˜•,vorjahr,œ˜61,mio˜•,wurden,direkt,eigenkapital,verrechnet,steuerüberleitungsrechnung,20192018in,mio˜•,ergebnis,steuern,œ˜75249theoretischer,steueraufwand,œ˜24516unterschied,ausländischen,steuersätzen,œ˜37œ˜28steuere˚ekte,steuerfreie,dividenden,œ˜49œ˜38sonstige,steuerfreie,erträge,œ˜10œ˜21steuerlich,abzugsfähige,aufwendungen,3042equitybilanzierung,assoziierten,unternehmen,inkl,abschreibung,geschäfts,firmenwerte,assoziierten,unternehmen,œ˜55œ˜24nicht,nutzbare,verlustvorträge,nutzung,bilanzierten,verlustvorträgen,abschreibungen,verlustvorträge,latenzierung,verlustvorträgen,175œ˜14ergebnisse,verkauf,unternehmensanteilen,œ˜4812steuersatzänderungen,29œ˜3sonstige,wertberichtigungen,latenter,steuern,organkreis,rwe,ag,207172sonstiges,œ˜89œ˜11e˝ektiver,steueraufwand,œ˜92103e˚ektiver,steuersatz,1222102,ermittlung,theoretischen,steueraufwands,rwe,ag,gültige,steuersatz,höhe,326˜,vorjahr,326˜,herangezogen,ergibt,geltenden,körperschaft,steuer,satz,15˜,solidaritätszuschlag,55˜,konzerndurchschnittlichen,gewerbeertragsteuersatz,nutzung,vorjahren,angesetzten,steuerlichen,verlustvorträgen,verminderten,tatsächlichen,ertragsteuern,37,mio˜•,vorjahr,28,mio˜•,122,erläuterungen,bilanz,10,immaterielle,vermögenswerte,immaterielle,vermögenswerte,mio˜•,entwicklungs,ausgabenkonzessionen,gewerbliche,schutzrechte,lizenzen,ähnliche,rechte,kunden,beziehungen,ähnli,che,werte,geschäfts,firmenwerte,geleistete,anzahlungen,summeanscha˜ungs,bzw,herstellungs,kosten,stand,01012019,3622141171893978zuabgänge,änderungen,konsolidierungskreises,116012956532550zugänge,222226umbuchungen,15œ˜51währungsanpassungen,80515100abgänge55stand,31122019,403917301238666650kumulierte,abschreibungen,stand,01012019,33175111785zuabgänge,änderungen,konsolidierungskreises,œ˜2œ˜57œ˜59abschreibungen,berichtsjahres,4985107währungsanpassungen,178stand,31122019,36179961841buchwerte,stand,31122019,42118295238664809konzernabschluss,anhang123anhang,immaterielle,vermögenswerte,mio˜•,entwicklungs,ausgabenkonzessionen,gewerbliche,schutzrechte,lizenzen,ähnliche,rechte,kunden,beziehungen,ähnli,che,werte,geschäfts,firmenwerte,geleistete,anzahlungen,summeanscha˜ungs,bzw,herstellungs,kosten,stand,01012018,83730542810116713118403zuabgänge,änderungen,konsolidierungskreises,œ˜821œ˜890œ˜2812œ˜9929œ˜3œ˜14455davon,veräußerung,bestimmt,ausgewiesen,œ˜821œ˜999œ˜2812œ˜9929œ˜3œ˜14564zugänge,4237685umbuchungen,229œ˜256währungsanpassungen,1œ˜153œ˜24œ˜35abgänge25126stand,31122018,3622141171893978kumulierte,abschreibungen,stand,01012018,489249325644746020zuabgänge,änderungen,konsolidierungskreises,œ˜460œ˜792œ˜2579œ˜475œ˜4306davon,veräußerung,bestimmt,ausgewiesen,œ˜460œ˜792œ˜2579œ˜475œ˜4306abschreibungen,berichtsjahres,296313105währungsanpassungen,œ˜1031œ˜6abgänge25126zuschreibungen,22stand,31122018,33175111785buchwerte,stand,31122018,3463171892193124,forschung,entwicklung,rwekonzern,berichts,jahr,25,mio˜•,vorjahr,116,mio˜•,aufgewendet,geschäfts,firmenwerte,setzen,folgt,zusammen,mittelfristplanung,stützt,länderspezifische,annahmen,entwicklung,wichtiger,makroökonomischer,größen,z˜b,bruttoinlandsprodukts,verbraucherpreise,zinsniveaus,nominallöhne,einschätzungen,u˜a,volks,finanzwirtschaftlichen,studien,abgeleitet,zentralen,planungsannahmen,strom,gasmärkten,tätigen,unternehmensbereiche,betreffen,entwicklung,großhandelspreise,strom,rohöl,erdgas,kohle,co,2emissionsrechten,endverbraucherpreise,strom,gas,marktanteile,sowie,regulatorischen,rahmenbedingungen,unternehmensbewertung,verwendeten,diskontierungs,zinssätze,basis,marktdaten,ermittelt,berichtszeitraum,lagen,zahlungsmittel,generierende,einheit,energiehandel,550˜,vorjahr,525˜,fort,geführte,innogyaktivitäten,400˜,vorjahr,425˜,extrapolation,cash,flow,detailplanungszeit,raum,hinaus,legen,wachstumsraten,zugrunde,grundsätz,lich,wachstumsrate,bereichsspezifisch,erfahrungen,zukunftserwartungen,abgeleitet,überschreitet,langfristigen,durchschnittlichen,wachstumsraten,jeweiligen,märkte,denen,konzernunternehmen,tätig,jährlichen,cash,flow,jahre,detailplanungszeitraum,hinaus,investitionsausgaben,aufrechterhaltung,geschäftsumfangs,benötigten,höhe,jeweils,mindernd,enthalten,erzielbaren,beträge,zahlungsmittel,generierenden,einheiten,jeweils,beizulegender,zeitwert,abzüglich,veräuße,rungskosten,ermittelt,wurden,lagen,bilanzstichtag,deren,buchwerten,jeweiligen,überdeckungen,reagieren,besonders,sensitiv,veränderungen,diskontierungszins,satzes,wachstumsrate,cash,flow,ewigen,rente,zahlungsmittel,generierende,einheit,energiehandel,wy,zahlungsmittel,generierenden,einheiten,geringste,überdeckung,buchwertes,erzielbaren,betrag,erzielbare,betrag,lag,14,mrd˜•,buchwert,wertminderungsbe,darf,hätte,ergeben,bewertung,mehr,32,prozentpunkte,höherer,diskontierungszinssatz,steuern,87˜,mehr,39,prozentpunkte,reduzierte,wachstumsrate,œ˜39˜,mehr,86,mio˜•,reduzierter,cash,flow,ewigen,rente,angesetzt,worden,wäre,geschäfts,firmenwerte,3112201931122018in,mio˜•,übernommene,eonaktivitäten,653fortgeführte,innogyaktivitäten,1727712energiehandel,10061006238617181,geschäfts,firmenwert,entfällt,ausschließlich,fortgeführten,innogyaktivitäten,ausgewiesenen,erneuerbaren,energien,berichtsjahr,erstkonsolidierung,übernommenen,eonaktivitäten,geschäfts,firmenwert,höhe,653,mio,•,zugegangen,werthaltigkeit,geschäfts,firmenwertes,wurde,vierten,quartal,bestätigt,vorjahr,erstkonsolidierungen,geschäfts,firmenwerte,höhe,0,mio,•,zugegangenregelmäßig,dritten,quartal,werthaltigkeitstest,impairmenttest,durchgeführt,möglichen,abschrei,bungsbedarf,geschäfts,firmenwerten,ermitteln,dabei,geschäfts,firmenwerte,zahlungs,mittel,generierenden,einheiten,zugeordnet,erzielbare,betrag,zahlungsmittel,generierenden,einheit,entweder,beizulegenden,zeitwert,abzüglich,veräußerungskosten,nutzungswert,bestimmt,œ,je,nachdem,wert,höher,beizulegende,zeitwert,definiert,bestmögliche,schätzung,preises,unabhängiger,dritter,zahlungsmittel,generierende,einheit,bilanzstichtag,erwerben,nutzungswert,entspricht,barwert,zukünftigen,cash,flow,voraussichtlich,zahlungsmittel,generierenden,einheit,erzielt,beizulegende,zeitwert,abzüglich,veräußerungskosten,unternehmensexterner,nutzungswert,unternehmensinter,ner,sicht,bestimmt,wertermittlung,unternehmens,bewertungsmodell,basis,cashflowplanungen,herangezo,gen,basieren,vorstand,genehmigten,zeitpunkt,impairmenttests,gültigen,mittelfristplanung,beziehen,detailplanungszeitraum,drei,jahren,sofern,wirtschaftliche,regulatorische,rahmenbedingun,gen,erfordern,begründeten,ausnahmefällen,längerer,detailplanungszeitraum,zugrunde,gelegt,cashflow,planungen,fließen,erfahrungen,ebenso,erwartungen,hinsichtlich,zukünftigen,marktentwicklung,bestimmung,beizulegenden,zeitwertes,œ,fall,vorhanden,œ,markt,transaktionen,innerhalb,branche,bewertungen,dritter,berücksichtigt,aufgrund,verwendung,interner,planungs,annahmen,ermittelten,beizulegenden,zeitwerte,stufe,3,fairvalue,hierarchie,zuzuordnen,konzernabschluss,anhang125,11,sachanlagensachanlagen,mio˜•,grundstücke,grundstücks,gleiche,rechte,bauten,inkl,bauten,fremden,grundstücken,technische,anlage,maschinen,anlage,betriebs,geschäfts,ausstattung,geleistete,anzahlungen,anlage,bausummeanscha˜ungs,bzw,herstellungskosten,stand,01012019,4868437339342061515961zuabgänge,änderungen,konsolidierungskreises,28238631914505614zugänge,30011536610772596umbuchungen,121713œ˜239œ˜8währungsanpassungen,23401442470abgänge1516834714895stand,31122019,532348684989437759373kumulierte,abschreibungen,stand,01012019,30733421475679138834zuabgänge,änderungen,konsolidierungskreises,œ˜51œ˜640œ˜12œ˜703abschreibungen,berichtsjahres,222268564883059umbuchungen,œ˜6œ˜25œ˜1œ˜4währungsanpassungen,81694181abgänge91509475652zuschreibungen,27412439stand,31122019,31283550577087340276buchwerte,stand,31122019,219513179219350419097126,sachanlagen,mio˜•,grundstücke,grundstücks,gleiche,rechte,bauten,inkl,bauten,fremden,grundstücken,technische,anlage,maschinen,anlage,betriebs,geschäfts,ausstattung,geleistete,anzahlungen,anlage,bausummeanscha˜ungs,bzw,herstellungskosten,stand,01012018,7325742802123231786045zuabgänge,änderungen,konsolidierungs,kreises,˚˜2740˚˜30747˚˜1238˚˜845˚˜35570davon,veräußerung,bestimmt,ausgewiesen,˚˜2738˚˜30708˚˜1238˚˜859˚˜35543zugänge,656657410141818umbuchungen,45283˚˜2˚˜332˚˜6währungsanpassungen,˚˜42˚˜294˚˜7˚˜10˚˜353abgänge1094783569691stand,31122018,454443709915207551243kumulierte,abschreibungen,stand,01012018,455554187150585161098zuabgänge,änderungen,konsolidierungs,kreises,˚˜1455˚˜20646˚˜803˚˜1˚˜22905davon,veräußerung,bestimmt,ausgewiesen,˚˜1453˚˜20580˚˜803˚˜1˚˜22837abschreibungen,berichtsjahres,6612099371375umbuchungen,1˚˜1währungsanpassungen,˚˜20˚˜149˚˜4˚˜173abgänge693523565521zuschreibungen,534140stand,31122018,30733421475679138834buchwerte,stand,31122018,147194951591284124091,inkl,erstanwendungse˛ekt,ifrs,16,höhe,353,mio,•,konzernabschluss,anhang127,sachanlagen,höhe,1024,mio˜•,vorjahr,504,mio˜•,unterlagen,verfügungsbeschränkungen,grundpfandrechte,sicherungsübereignungen,sonstigen,beschränkungen,abgänge,sachanlagen,ergaben,veräußerung,stilllegung,sachanlagen,umfassen,neben,eigentum,befindlichen,vermögenswerten,nutzungsrechte,leasingverhältnissen,denen,rwe,leasingnehmer,angaben,korrespondierenden,leasingverbindlichkeiten,zinsaufwendungen,finden,abschnitten,8,finanzergebnis,23,finanzverbindlichkeiten,27,berichterstattung,finanzinstrumenten,leasingverhältnisse,umfassen,wesentlichen,längerfristige,nutzungsrechte,angemietete,bürogebäude,grundstücks,flächen,z˜b,erbpachtverträge,grundstücke,erzeugung,erneuerbaren,energien,sowie,nutzungsrechte,angemietete,vermögenswerte,fuhrpark,kraftwerksbereich,nachfolgende,tabelle,zeigt,entwicklung,innerhalb,sachanlagen,erfassten,nutzungsrechte,darüber,hinaus,leasingverhältnisse,berichtsjahr,folgt,ertragslage,sowie,cash,flow,rwekonzern,ausgewirkt,nutzungsrechte,mio˜•,stand,01012019zugänge,abschrei,bungenabgängesonstige,veränder,ungen1stand,31122019anscha˜ungs,bzw,herstellungskosten,gebäude513012170grundstücke,274142254279666technische,anlage,maschinen,83754743pumpspeicherkraftwerke,27311204261fuhrpark,876918andere,anlage,betriebs,geschäftsausstattung,1223122338027061850010811,sonstigen,veränderungen,umfassen,umbuchungen,zuschreibungen,währungsanpassungen,sowie,abgänge,konsolidierungskreises,auswirkungen,leasingverhältnissen,ertragslage,cash,flow,mio˜•,2019rwe,leasingnehmer,aufwand,kurzfristigen,leasingverhältnissen,14aufwand,variablen,leasingzahlungen,bewertung,leasingverbindlichkeiten,einge˝ossen,18gesamte,zahlungsmittelab˝üsse,leasing,60rwe,leasinggeber,erträge,operating,leasing,13128,vertraglich,bereits,vereinbarten,begonnenen,leasingverhältnissen,wesentlichen,bürogebäude,betreffen,resultieren,künftige,leasingzahlungen,höhe,195,mio˜•,zudem,blieben,œ,wesentlichen,leasingverhältnisse,windparkflächen,betreffen,œ,potenzielle,leasingzahlungen,bewertung,leasingverbindlichkeiten,unberücksichtigt,betrifft,variable,zahlungen,künftig,abhängig,erzeugungs,mengen,anfallen,höhe,471,mio˜•,potenzielle,zahlungen,verlängerungs,kündigungsoptionen,höhe,100,mio˜•,sachanlagen,beinhalten,neben,nutzungsrechten,leasing,grundstücke,gebäude,rwe,rahmen,operating,leasing,leasinggeber,vermietet,vermögenswerte,entfallenden,buchwerte,betrugen,31,dezember,2019,insgesamt,193,mio˜•,operatingleasingverträgen,resultieren,nachfol,genden,zahlungsansprüche,nominale,leasingzahlungen,operatingleasingverträgen,mio˜•,fällig,1,jahr,4fällig,1,2,jahren,7fällig,2,3,jahren,6fällig,3,4,jahren,6fällig,4,5,jahren,6fällig,5,jahren,55konzernabschluss,anhang129,12,atequitybilanzierte,beteiligungen,folgenden,übersichten,enthalten,angaben,wesentlichen,wesentlichen,atequitybilanzierten,beteiligungen,assoziierten,unternehmen,gemeinschaftsunternehmen,kelagkärntner,elektrizitätsag,sitz,klagenfurt,österreich,führendes,österreichisches,energieversorgungs,unternehmen,geschäftsfeldern,strom,fernwärme,erdgas,rwe,hält,wirtschaftlich,anteil,49˜,kärntner,energieholding,beteiligungs,gmbh,keh,größte,anteilseigner,kelag,fortgeführten,innogyaktivitäten,zugeordnet,amprion,gmbh,sitz,dortmund,übertragungsnetz,betreiber,ünb,energiewirtschaftsgesetz,enwg,strombereich,haupteigentümer,amprion,konsortium,finanzinvestoren,führung,commerz,real,tochter,commerzbank,wesentliche,atequitybilanzierte,beteiligungen,amprion,gmbh,dortmundkelagkärntner,elektrizitätsag,kärntner,energieholding,beteiligungs,gmbh,keh,klagenfurt,österreich,mio˜•,31122019311220183112201931122018bilanz1langfristige,vermögenswerte,5225419216641630kurzfristige,vermögenswerte,18252906383373langfristige,schulden,20121401869857kurzfristige,schulden,24963555285276proportionaler,anteil,eigenkapital,2638538383365geschäfts,firmenwert,198198buchwert638538581563gesamtergebnisrechnung,1umsatzerlöse,147731349512851172ergebnis,5233729379im,eigenkapital,direkt,erfasste,erträge,aufwendungen,other,comprehensive,income,œ˜22œ˜17œ˜15œ˜1summe,erfassten,erträge,aufwendungen,total,comprehensive,income,5013557878dividende,anteilig,25251515rweanteilsquote,25,25˜49,49˜1,zahlen,basieren,anteilsbesitz,100˜,keh,2,zahlen,basieren,proportionalen,eigenkapitalanteil,keh,kelag,130,rwekonzern,hält,anteile,buchwert,3,mio˜•,vorjahr,3,mio˜•,assoziierten,unternehmen,gemein,schaftsunternehmen,aufgrund,kreditvertraglicher,bestimmungen,übrige,finanzanlagen,umfassen,konsolidierte,tochterunterneh,men,übrige,beteiligungen,langfristige,wertpapiere,anstieg,übrigen,finanzanlagen,geschäftsjahr,2019,resultiert,wesentlichen,zugang,beteiligung,eon,se,rahmen,veräußerung,fortgeführten,innogyaktivitäten,wesentliche,atequitybilanzierte,beteiligungen,assoziierte,unternehmen,gemeinschaftsunternehmen,mio˜•,31122019311220183112201931122018anteiliges,ergebnis,58278856anteilig,direkt,eigenkapital,erfasste,erträge,aufwendungen,other,comprehensive,income,41816summe,anteilig,erfassten,erträge,aufwendungen,total,comprehensive,income,993510456buchwerte,2461421771224,finanzforderungen,3112201931122018in,mio˜•,langfristig,kurzfristig,langfristig,kurzfristig,ausleihungen,konsolidierte,tochterunternehmen,beteiligungen,1031821sicherheitsleistungen,handelsgeschäfte,16382458sonstige,finanzforderungen,zinsabgrenzungen,3989übrige,sonstige,finanzforderungen,256812823412823591102782,zeitweiligen,beschränkungen,bedingungen,bemessung,gewinnausschüttungen,unterliegen,13,übrige,finanzanlagen,absicherung,wertguthaben,blockmodell,altersteil,zeit,gemäß,§,8a,alttzg,altersteilzeitgesetz,sowie,führung,langzeitarbeitskonten,gemäß,§,7e,sgb,sozialgesetzbuch,iv,wurden,rwe,ag,tochtergesellschaften,langfristige,wertpapiere,höhe,29,mio˜•,bzw,4,mio˜•,vorjahr,31,mio˜•,bzw,4,mio˜•,treuhanddepots,hinterlegt,absicherung,erfolgt,sowohl,zugunsten,mitarbeitern,rwe,ag,mitarbeiter,konzerngesellschaften,14,finanzforderungen,gesellschaften,rwekonzerns,erbrachten,börslichen,außerbörslichen,handelsgeschäften,oben,ausgewiesenen,sicherheitsleistungen,sollen,garantieren,verpflich,tungen,handelsgeschäften,rwe,ungünstigen,kursverlauf,erfüllt,regelmäßige,austausch,sicherheitsleistungen,findet,abhängigkeit,vertraglich,vereinbarten,schwellenwerten,statt,ab,denen,marktwerte,handelsgeschäfte,besichern,konzernabschluss,anhang131,15,sonstige,forderungen,sonstige,vermögenswerte,übrigen,sonstigen,vermögenswerten,ausgewiesenen,finanzinstrumente,fortgeführten,anschaffungskosten,bilanziert,derivativen,finanzinstrumente,beizulegenden,zeitwert,erfasst,bilanzwerte,börsengehandelter,derivate,aufrechnungsvereinbarung,miteinander,verrechnet,übrigen,sonstigen,vermögenswerte,umfassen,höhe,2600,mio˜•,bund,zugesagten,entschädigungsleistungen,vorzeitigen,ausstieg,braunkohlegeschäft,zudem,entfielen,übrigen,sonstigen,vermögenswerten,43,mio˜•,vorjahr,übrige,verbindlichkeiten,höhe,7,mio˜•,zuwendungen,öffentlichen,hand,zusammenhang,mitverbrennung,biomasse,zwei,niederländischen,kraft,werken,gewährt,worden,sonstige,forderungen,sonstige,vermögenswerte,3112201931122018in,mio˜•,langfristig,kurzfristig,langfristig,kurzfristig,derivate,661114477046567nettovermögen,fondsgedeckten,pensionsverp˝ichtungen,153213nicht,vorräte,geleistete,anzahlungen,144137co,2emissionsrechte,407329übrige,sonstige,vermögenswerte,2506758293753320127569467408davon,˙nanzielle,vermögenswerte,824115649246684davon,nicht˙nanzielle,vermögenswerte,2496119222724,132,16,latente,steuern,aktiven,passiven,latenten,steuern,ergeben,überwie,gend,dadurch,wertansätze,ifrsabschluss,denen,steuerbilanz,unterscheiden,31,dezember,2019,wurden,unterschiedsbetrag,nettovermögen,steuerlichen,buchwert,tochtergesellschaften,assoziierten,unternehmen,sogenannte,outside,basis,difference,höhe,969,mio˜•,vorjahr,618,mio˜•,passiven,latenten,steuern,gebildet,absehbarer,zeit,wahrscheinlich,ausschüttungen,latente,steuern,3112201931122018in,mio˜•,aktivpassiv,aktivpassiv,langfristige,vermögenswerte,11572506815938kurzfristige,vermögenswerte,1450387621013009steuerliche,sonderposten,4758langfristige,schulden,pensionsrückstellungen,1484013941sonstige,langfristige,schulden,48750289194kurzfristige,schulden,38662290323432457108880965787485verlustvorträge,körperschaftsteuer,vergleichbare,ausländische,ertragsteuern,12577gewerbesteuer,2316bruttobetrag,7256880966717485saldierungœ˜6550œ˜6550œ˜5847œ˜5847nettobetrag,70622598241638,vorgenommen,temporären,differenzen,absehbarer,zeit,auflösen,bruttobetrag,aktiven,passiven,latenten,steuern,5316,mio˜•,bzw,6166,mio˜•,vorjahr,5335,mio˜•,bzw,6254,mio˜•,innerhalb,zwölf,monaten,realisiert,aktiven,passiven,latenten,steuern,verteilen,folgende,positionen,31,dezember,2019,rwe,gesellschaften,verlust,laufenden,periode,vorperiode,erlitten,latente,steuerforderungen,ausgewiesen,latenten,steuerverbindlichkeiten,144,mio˜•,übersteigen,vorjahr,56,mio˜•,grundlage,bildung,aktiver,latenter,steuern,einschätzung,management,wahrscheinlich,jeweiligen,gesellschaften,versteuernde,ergebnisse,erzielen,denen,genutzte,steuerliche,verluste,abzugsfähige,temporäre,differenzen,verrechnet,aktivierten,steuerminderungsansprüche,verlustvorträgen,ergeben,erwarteten,nutzung,bestehender,verlust,vorträge,folgejahren,besteht,hinreichende,sicherheit,verlustvorträge,realisiert,körperschaftsteuerlichen,gewerbe,steuerlichen,verlustvorträge,latenten,steueransprüche,angesetzt,wurden,betrugen,ende,berichtsjahres,1492,mio˜•,bzw,879,mio˜•,vorjahr,1463,mio˜•,bzw,490,mio˜•,körperschaftsteuerlichen,verlustvorträge,latenten,steueransprüche,angesetzt,wurden,höhe,569,mio˜•,innerhalb,folgenden,acht,jahre,entfallen,übrigen,verlustvorträge,wesentlichen,zeitlich,unbegrenzt,jedoch,nutzung,überwiegend,erwartet,31,dezember,2019,betrugen,temporären,differenzen,aktiven,latenten,steuern,angesetzt,wurden,12791,mio˜•,vorjahr,11180,mio˜•,berichtsjahr,wurden,latente,steueraufwendungen,währungsumrechnung,ausländischer,abschlüsse,höhe,14,mio˜•,vorjahr,5,mio˜•,eigenkapital,verrechnet,konzernabschluss,anhang133,17,vorräte,vorräte,3112201931122018in,mio˜•,roh,hilfs,betriebssto˛e,inkl,kernbrennelemente,vorabraum,braunkohlebergbaus,728723unfertige,erzeugnisseleistungen,3337fertige,erzeugnisse,839872geleistete,erhaltene,anzahlungen,œ˜15œ˜115851631,zweck,weiterveräußerung,erworbenen,vorräte,buchwert,605,mio˜•,vorjahr,33,mio˜•,entfiel,berichtsjahr,vollständig,gasvorräte,vorjahr,29,mio˜•,vorjahr,entfiel,zudem,höhe,4,mio˜•,kohlevorräte,beizulegende,zeitwert,gas,kohlevorräte,monatlich,basis,aktueller,preiskurven,relevanten,indizes,gas,z˜b,ncg,kohle,z˜b,api2,ermittelt,bewertung,liegen,unmittelbar,mittelbar,beobachtende,marktpreise,zugrunde,stufe,2,fairvaluehierarchie,unterschiede,beizulegenden,zeitwert,buchwert,zweck,weiterveräußerung,erworbenen,vorräte,monatsende,erfolgswirksam,erfasst,18,wertpapiere,kurzfristigen,wertpapieren,entfielen,2809,mio˜•,vorjahr,3226,mio˜•,festverzinsliche,wertpapiere,restlaufzeit,erwerb,mehr,drei,monaten,449,mio˜•,vorjahr,383,mio˜•,aktien,genussscheine,wertpapiere,beizulegenden,zeitwert,bilanziert,19,flüssige,mittel,flüssige,mittel,3112201931122018in,mio˜•,kasse,bankguthaben,31923521wertpapiere,übrige,liquiditätsanlagen,restlaufzeit,erwerb,weniger,drei,monaten,231923523,rwe,hält,bankguthaben,ausschließlich,rahmen,kurzfristigen,liquiditätsdisposition,geldanlagen,banken,anhand,verschiedener,bonitätskriterien,ausgewählt,hierzu,zählen,rating,drei,renommierten,ratingagenturen,moody™s,standard,poor™s,fitch,sowie,eigenkapital,preise,credit,default,swap,verzinsung,flüssigen,mittel,bewegte,2019,vorjahr,marktniveau,134,20,eigenkapital,aufgliederung,voll,eingezahlten,eigenkapitals,seite,102,f,dargestellt,gezeichnete,kapital,rwe,ag,folgt,strukturiert,beschlüssen,hauptversammlung,sowie,gesonderten,versammlung,vorzugsaktionäre,3,mai,2019,eintragung,satzungsänderung,handelsregister,28,juni,2019,wurden,insgesamt,39000000,stimmrechts,losen,vorzugsaktien,rwe,ag,stimmberechtigte,stammaktien,umgewandelt,umwandlung,erfolgte,verhältnis,11,zuzahlung,zahl,stammaktien,erhöhte,575745499,614745499,stammaktien,handelt,nennbetragslose,inhaberstückaktien,vorstand,wurde,beschluss,hauptversammlung,26,april,2018,ermächtigt,grundkapital,gesellschaft,25,april,2023,zustimmung,aufsichtsrats,31474969344˜•,ausgabe,122949099,inhaber,lautenden,stammaktien,bar,undoder,sacheinlage,erhöhen,genehmigtes,kapital,bezugsrecht,aktionäre,bestimmten,fällen,zustimmung,aufsichtsrats,ausgeschlossen,beschluss,hauptversammlung,26,april,2018,wurde,gesellschaft,außerdem,ermächtigt,25,april,2023,aktien,gesellschaft,gleich,gattung,umfang,10˜,grundkapitals,zeitpunkt,beschluss,fassung,ermächtigung,œ,fall,wert,geringer,œ,zeitpunkt,ausübung,ermächtigung,erwerben,vorstand,gesellschaft,aufgrund,beschlusses,ferner,ermächtigt,eigene,aktien,weiteren,beschluss,hauptver,sammlung,einzuziehen,darüber,hinaus,vorstand,ermächtigt,eigene,aktien,œ,bestimmten,bedingungen,ausschluss,bezugsrechts,aktionäre,œ,dritte,tragen,bzw,veräußern,außerdem,dürfen,eigene,aktien,gezeichnetes,kapital,31122019stückzahl,31122018stückzahl,31122019buchwert31122018buchwertin,tsd,tsd,mio˜•,mio˜•,stammaktien,614745100057574593715741474vorzugsaktien,39000631006147451000614745100015741574,inhaber,option,wandelschuldverschreibungen,ausgegeben,vorstand,ferner,ermächtigt,eigene,aktien,erfüllung,verpflichtungen,gesellschaft,zukünftigen,belegschaftsaktienprogrammen,verwenden,hierbei,bezugsrecht,aktionäre,ausgeschlossen,31,dezember,2019,befanden,eigenen,aktien,bestand,geschäftsjahr,2019,rwe,ag,305216,rweaktien,anschaffungspreis,799815506˜•,kapitalmarkt,erworben,entfallende,betrag,grundkapitals,beläuft,78135296˜•,005˜,gezeichneten,kapitals,mitarbeiter,rwe,ag,tochterunternehmen,erhielten,rahmen,belegschaftsaktienprogramms,vermögensbildung,insgesamt,305216,aktien,hieraus,ergab,gesamterlös,792453824˜•,jeweilige,unterschiedsbetrag,kaufpreis,wurde,frei,verfügbaren,gewinnrücklagen,verrechnet,bisher,ia,32,eigenkapital,klassifizierte,konzern,gesellschaften,begebene,hybridanleihe,rwe,6,februar,2019,gekündigt,rückzahlung,höhe,869,mio,•,erfolgte,20,märz,2019,hybridanleihe,neuem,hybrid,kapital,refinanzieren,hybridanleihe,kupon,7˜,theoretisch,unbegrenzte,laufzeit,konzernabschluss,anhang135,eigenkapitaltransaktionen,tochterunternehmen,wechsel,beherrschungsstatus,führten,veränderten,anteile,aktionäre,rwe,ag,konzerneigenkapital,insgesamt,œ˜149,mio˜•,vorjahr,491,mio˜•,anteile,gesellschafter,insgesamt,œ˜746,mio˜•,vorjahr,258,mio˜•,darin,enthalten,effekte,erwerb,minderheitsbeteiligungen,eontochter,preussenelektra,rwe,betriebenen,kernkraftwerken,gundremmingen,emsland,höhe,25˜,bzw,125˜,veränderung,anteile,aktionäre,rwe,ag,konzerneigenkapital,58,mio˜•,sowie,effekte,erwerb,232˜,minderheitenanteile,fortgeführten,innogyaktivitäten,veränderung,anteile,aktionäre,rwe,ag,konzerneigenkapital,œ˜201,mio˜•,accumulated,other,comprehensive,income,änderungen,beizulegenden,zeitwerte,erfolgsneutral,beizulegenden,zeitwert,bewerteten,fremdkapitalinstrumente,cash,flow,hedge,hedge,nettoinvestitionen,ausländische,teileinheiten,sowie,währungsdifferenzen,umrechnung,ausländischer,abschlüsse,erfasst,31,dezember,2019,betrug,atequitybilanzierte,beteiligungen,entfallende,anteil,accumulated,other,compre,hensive,income,œ˜22,mio˜•,vorjahr,œ˜7,mio˜•,berichtsjahr,wurden,unterschiedsbeträge,währungsum,rechnung,höhe,523,mio˜•,ursprünglich,erfolgsneutral,gebucht,worden,aufwand,realisiert,vorjahr,aufwand,48,mio˜•,gewinnverwendungsvorschlag,schlagen,hauptversammlung,bilanzgewinn,rwe,ag,geschäftsjahr,2019,folgt,verwenden,ausschüttung,dividende,080,•,je,dividendenberechtigte,stammaktie,dividende,49179639920,•gewinnvortrag,6120142,•bilanzgewinn,49185760062,•,geschäftsjahr,2018,ausgeschüttete,dividende,belief,laut,beschluss,hauptversammlung,rwe,ag,3,mai,2019,070,•,je,dividendenberechtigte,stamm,vorzugsaktie,ausschüttung,aktionäre,rwe,ag,betrug,430,mio˜•,136,anteile,gesellschafter,position,anteilsbesitz,dritter,konzern,gesellschaften,erfasst,anteile,gesellschafter,oci,mio˜•,20192018versicherungsmathematische,gewinne,verluste,leistungsorientierter,pensionszusagen,ähnlicher,verp˝ichtungen,œ˜138œ˜134anteilig,erfasste,erträge,aufwendungen,atequitybilanzierter,beteiligungen,43˚˜2marktbewertung,eigenkapitalinstrumenten,œ˜10˚˜13im,eigenkapital,direkt,erfasste,erträge,aufwendungen,erfolgswirksam,umzugliedern,œ˜105œ˚149unterschied,währungsumrechnung,26711marktbewertung,fremdkapitalinstrumenten,œ˜3˚˜4marktbewertung,finanzinstrumenten,sicherungsbeziehung,œ˜29˚˜5anteilig,erfasste,erträge,aufwendungen,atequitybilanzierter,beteiligungen,2im,eigenkapital,direkt,erfasste,erträge,aufwendungen,zukünftig,erfolgswirksam,umzugliedern,2372132œ˚147von,direkt,eigenkapital,erfassten,erträgen,aufwendungen,other,comprehensive,income,œ,oci,entfallen,folgenden,anteile,gesellschafter,konzernabschluss,anhang137,21,aktienkursbasierte,vergütungen,führungskräfte,rwe,ag,innogy,se,sowie,nachge,ordneter,verbundener,unternehmen,gibt,longtermincentive,pläne,ltip,aktienkursbasierte,vergütungssysteme,bezeichnung,—strategic,performance,planﬁ,spp,auslau,fende,vorgängermodell,beat,2010,aufwendungen,daraus,konzerngesellschaften,getragen,denen,bezugsberechtigten,beschäftigt,ltip,spp,wurde,2016,eingeführt,verwendet,mittelfristplanung,abgeleitetes,interne,erfolgsziel,vergütungs,spp,rwe,ag,tranche,2016,tranche,2017,tranche,2018,tranche,2019,laufzeitbeginn,01012016010120170101201801012019anzahl,bedingt,zugeteilter,performance,share,4864361338027883974932889laufzeit,4,jahre,4,jahre,4,jahre,4,jahre,erfolgsziel,bereinigtes,nettoergebnis,bereinigtes,nettoergebnis,bereinigtes,nettoergebnis,bereinigtes,nettoergebnis,obergrenzestückzahl,performance,share,150˜150˜150˜150˜obergrenze,auszahlungs,betrag,200˜200˜200˜200˜ermittlung,auszahlung,auszahlungsbetrag,errechnet,festgeschriebenen,anzahl,endgültig,gewährter,performance,share,multipliziert,summe,a,arithmetischen,mittel,schlusskurse,verfügbaren,nachkommastellen,rwestamm,aktie,isin,de,000703129,xetrahandel,deutsche,börse,ag,handel,stelle,xetrasystems,tretenden,nachfolgesystems,letzten,30,börsenhandelstage,ende,erdienungszeitraums,—vesting,periodﬁ,kaufmännisch,gerundet,zwei,dezimalstellen,b,geschäftsjahren,festschreibung,performance,share,ende,erdienungszeitraums,pro,aktie,ausgezahlten,dividenden,dividenden,verzinst,reinves,tiert,fällt,dividendenzahlung,30tägigen,zeitraum,kursermittlung,gemäß,lit,a,kurse,handelstage,zahlung,cumkurse,dividende,bereinigt,dividende,ansonsten,anteilig,doppelt,berücksichtigt,auszahlungsbetrag,anzahl,endgültig,festgeschriebener,performance,share,x,arithmetisches,mittel,aktienkurses,gezahlte,dividenden,ermittelte,auszahlungsbetrag,betragsmäßig,200˜,zuteilungsbetrags,begrenzt,wechsel,unterneh,menskontrollefusion,wechsel,unternehmenskontrolle,kontrollwechsel,liegt,entweder,a,aktionär,halten,mindestens,30˜,stimmrechte,œ,einschließlich,§˜30,wert,papiererwerbs,übernahmegesetzes,wpüg,zuzurechnenden,stimmrechte,dritter,œ,kontrolle,i˜s˜v,§˜29,wpüg,erworben,b,rwe,ag,abhängigem,unternehmen,beherrschungsvertrag,§˜291,aktg,wirksam,abgeschlossen,wurde,c,rwe,ag,gemäß,§˜2,umwandlungsgesetz,konzernfremden,rechtsträger,verschmolzen,wurde,œ,sei,wert,rechtsträgers,beträgt,ausweislich,vereinbar,ten,umtauschverhältnisses,weniger,50˜,wertes,rwe,ag,fall,lit,a,anwendbar,kommt,kontrollwechsel,performance,share,bereits,˙nal,festgeschrieben,wurden,auszahlung,gelangt,vorzeitig,ausbezahlt,auszahlungsbetrag,entsprechen,anwendung,ausübungsbedingungen,ermittelt,wobei,abweichend,hiervon,letzten,30,börsen,handelstage,verlautbarung,kontrollwechsels,abzustellen,zuzüglich,geschäftsjahren,festschreibung,performance,share,zeitpunkt,kontrollwechsels,bezogen,festgeschriebene,anzahl,performance,share,pro,aktie,ausgezahlten,dividenden,berechnete,auszahlungsbetrag,nächstmöglichen,gehaltsabrechnung,planteilnehmer,ausbezahlt,zeitpunkt,kontrollwechsels,bedingt,gewährten,performance,share,verfallen,ersatz,entschädigungslos,form,ausgleichs,barvergütung,barvergütung,barvergütung,barvergütung,auszahlungszeitpunkt,2020202120222023,relevantes,nettoergebnis,berücksichtigt,entwicklung,aktienkurses,rwe,ag,bzw,innogy,se,führungskräfte,erhalten,bedingt,zugeteilte,virtuelle,aktien,performance,share,finale,anzahl,virtuellen,aktien,tranche,jahr,anhand,zielerreichung,bereinigten,nettoergebnisses,ermittelt,jeweils,begebenen,tranchen,ltip,spp,laufzeit,vier,jahren,möglichen,auszahlung,voraussetzung,teilnahme,programm,verzicht,verfallene,optionen,vorgängermodells,beat,2010,verzichtserklärungen,weitaus,überwiegend,erfolgt,programm,unwesentliche,restbestände,erloschen,138,spp,innogy,setranche,2016,tranche,2017,tranche,2018,laufzeitbeginn,010120160101201701012018anzahl,bedingt,zugeteilter,performance,share,35283411781331108599laufzeit,4,jahre,4,jahre,4,jahre,erfolgsziel,bereinigtes,nettoergebnis,bereinigtes,nettoergebnis,bereinigtes,nettoergebnis,obergrenzestückzahl,performance,share,150˜150˜150˜obergrenze,auszahlungs,betrag,200˜200˜200˜ermittlung,auszahlung,auszahlungsbetrag,errechnet,festgeschriebenen,anzahl,endgültig,gewährter,performance,share,multipliziert,summe,a,arithmetischen,mittel,schlusskurse,verfügbaren,nachkommastellen,innogy,se,isin,de,000a2aadd2,xetrahandel,deutsche,börse,ag,handel,stelle,xetrasystems,tretenden,nachfolgesystems,letzten,30,börsenhandelstage,ende,erdienungszeitraums,kaufmännisch,gerundet,zwei,dezimalstellen,b,geschäftsjahren,festschreibung,performance,share,ende,erdienungszeitraums,pro,aktie,ausgezahlten,dividenden,dividenden,verzinst,reinves,tiert,fällt,dividendenzahlung,30tägigen,zeitraum,kursermittlung,gemäß,lit,a,kurse,handelstage,zahlung,cumkurse,dividende,bereinigt,dividende,ansonsten,anteilig,doppelt,berücksichtigt,auszahlungsbetrag,anzahl,endgültig,festgeschriebener,performance,share,x,arithmetisches,mittel,aktienkurses,gezahlte,dividenden,ermittelte,auszahlungsbetrag,dabei,betragsmäßig,200˜,zuteilungsbetrags,begrenzt,wechsel,unterneh,menskontrollefusion,wechsel,unternehmenskontrolle,kontrollwechsel,liegt,entweder,a,aktionär,halten,mindestens,30˜,stimmrechte,œ,einschließlich,§,30,wertpapiererwerbs,übernahmegesetzes,wpüg,zuzurechnenden,stimmrechte,dritter,œ,kontrolle,i˜s˜v,§,29,wpüg,erworben,wobei,rwe,ag,rwekonzernunternehmen,zeitpunkt,kontrolle,i˜s˜d,§,29,wpüg,30˜,stimmrechte,mehr,besitzen,darf,b,gesellschaft,rwekonzern,angehört,innogy,se,abhängigem,nehmen,beherrschungsvertrag,§,291,aktg,wirksam,abgeschlossen,wurde,c,innogy,se,gemäß,§,2,umwandlungsgesetz,konzernfremden,rechtsträger,verschmolzen,wurde,œ,sei,wert,rechtsträgers,beträgt,ausweislich,verein,barten,umtauschverhältnisses,weniger,50˜,wertes,innogy,se,fall,lit,a,anwendbar,kommt,kontrollwechsel,performance,share,bereits,˙nal,festgeschrieben,wurden,auszahlung,gelangt,vorzeitig,ausbezahlt,auszahlungsbetrag,entsprechender,anwendung,ausübungsbedingungen,ermittelt,wobei,abweichend,hiervon,letzten,30,börsenhandelstage,verlautbarung,kontrollwechsels,abzustellen,zuzüglich,geschäftsjahren,festschreibung,performance,share,zeitpunkt,kontrollwechsels,bezogen,festgeschriebene,anzahl,performance,share,pro,aktie,ausgezahlten,dividenden,berechnete,auszahlungsbetrag,nächstmöglichen,gehaltsabrechnung,planteilnehmer,ausbezahlt,zeitpunkt,kontrollwechsels,bedingt,gewährten,performance,share,verfallen,ersatz,entschädigungslos,form,ausgleichs,barvergütung,barvergütung,barvergütung,auszahlungszeitpunkt,202020212022,konzernabschluss,anhang139,abgelaufenen,geschäftsjahr,performance,share,folgt,entwickelt,beizulegenden,zeitwerte,tranchen,spp,rwe,ag,ergeben,aktuellen,aktienkurs,rwe,ag,bzw,innogy,se,zuzüglich,dividenden,pro,aktie,laufzeit,jeweiligen,tranche,bereits,aktionäre,ausgezahlt,wurden,begrenzte,auszahlung,je,spp,wurde,verkaufte,calloption,abgebildet,blackscholesmodell,ermittelte,optionswert,wurde,abgezogen,optionspreis,ermittlung,wurden,programmbedingungen,festgelegten,maximalen,auszahlungsbeträge,je,bedingt,zugeteilter,spp,strike,option,restlaufzeitbezogenen,diskontierungszinssätze,volatilitäten,erwarteten,dividenden,rwe,ag,bzw,innogy,se,berücksichtigt,beizulegenden,zeitwerte,tranchen,spp,innogy,se,märz,2018,verkündete,tauschgeschäft,eon,dahingehend,beeinflusst,vorstehend,erläuter,ten,regelungen,fall,kontrollwechsels,bewertung,niederschlagen,erwartete,auszahlungsbetrag,basis,durchschnittlichen,innogyaktienkurses,letzten,30,börsen,handelstage,11,märz,2018,zuzüglich,ausgezahlter,dividenden,ermittelt,entsprechend,auszahlungsbestimmungen,aufgrund,kontrollwechsels,wurde,betrag,abschluss,transaktion,ausgezahlt,performance,share,spp,rwe,ag,stück,tranche,2016,tranche,2017,tranche,2018,tranche,2019,ausstehend,beginn,geschäftsjahres,5282071628391883974zugesagt,932889veränderung,zugeteiltverfallen,3063737207021ausgezahlt,ausstehend,ende,geschäftsjahres,52851316321281090995932889auszahlbar,ende,geschäftsjahres,528513performance,share,spp,innogy,se,stück,tranche,2016,tranche,2017,tranche,2018,ausstehend,beginn,geschäftsjahres,278765521256546zugesagt,veränderung,zugeteiltverfallen,8041256993321ausgezahlt,œ˜35917œ˜80911œ˜59867ausstehend,ende,geschäftsjahres,auszahlbar,ende,geschäftsjahres,performance,share,spp,innogy,se,•tranche,2016,tranche,2017,tranche,2018,beizulegender,zeitwert,pro,stück,371332073678der,beizulegende,zeitwert,rahmen,spp,bedingt,zugeteil,ten,performance,share,umfasste,zeitpunkt,zuteilung,nachfolgend,aufgeführten,beträge,performance,share,spp,rwe,ag,•tranche,2016,tranche,2017,tranche,2018,tranche,2019,beizulegender,zeitwert,pro,stück,1378116218801910aktienkursbasierte,vergütungen,barausgleich,60,mio˜•,vorjahr,32,mio˜•,aktienkursbasierten,vergütungssystem,ergaben,berichtszeitraum,aufwendungen,insgesamt,34,mio˜•,vorjahr,20,mio˜•,bilanzstichtag,beliefen,rückstellungen,140,22,rückstellungen,rückstellungen,pensionen,ähnliche,verpflichtungen,betriebliche,altersversorgung,umfasst,beitragsorientierte,leistungsorientierte,versorgungssysteme,leistungsorientierten,versorgungszusagen,betreffen,wesentlichen,endgehaltsabhän,gige,versorgungszusagen,unterliegen,typischen,risiken,langlebigkeit,sowie,inflation,gehaltssteigerungen,beitragsorientierte,versorgungssysteme,berichtsjahr,24,mio˜•,vorjahr,23,mio˜•,eingezahlt,worden,erfasst,beiträge,rwe,rahmen,versorgungsplans,niederlanden,zusagen,verschiedener,arbeitgeber,umfasst,stellt,versorgungsträger,teilnehmenden,unternehmen,informationen,verfügung,anteilige,zuordnung,verpflichtung,planvermögen,dienstzeitaufwand,erlauben,konzernabschluss,erfolgt,daher,berücksichtigung,beiträge,beitragsorientierte,versorgungszusage,obwohl,leistungsorientierten,pensionsplan,handelt,pension,plan,arbeitnehmer,niederlanden,stichting,pensioenfonds,abp,vgl,wwwabpnl,verwaltet,beiträge,pensionsplan,bemessen,prozentsatz,gehalts,arbeitnehmern,arbeitgebern,getragen,beitragssatz,abp,festgelegt,mindestdotierungspflichten,bestehen,abppensionsfonds,geschäfts,jahr,2020,voraussichtlich,arbeitgeberbeiträge,höhe,ca,9,mio˜•,vorjahr,8,mio˜•,eingezahlt,beiträge,gesamtheit,begünstigten,verwendet,sofern,mittel,abp,rückstellungen,3112201931122018in,mio˜•,langfristig,kurzfristig,gesamt,langfristig,kurzfristig,gesamt,rückstellungen,pensionen,ähnliche,verp˝ichtungen,3446344632873287rückstellungen,entsorgung,kernenergiebereich,6355368672356592855944bergbaubedingte,rückstellungen,4559594618246056251614360427147871140634111747sonstige,rückstellungen,1verp˝ichtungen,personalbereich,restrukturierungen,361622983378446824verp˝ichtungen,restrukturierungen,5913162210923132einkaufs,verkaufsverp˝ichtungen,1390116150690592997rückstellungen,rückbau,windparks,94849523584362sonstige,rückbau,nachrüstungsverp˝ichtungen,5577763452852580umweltschutzverp˝ichtungen,7828090797zinszahlungsverp˝ichtungen,2812812611262rückgabeverp˝ichtungen,co,2emissionsrechte,zerti˙kate,alternativer,energien,771771885885übrige,sonstige,rückstellungen,370588958331721105245762211678729602231519118936263821574143662572169381,angepasste,vorjahreswerte,aufgrund,agendaentscheidung,ifrsic,september,2019,zuvor,steuerrückstellungen,ausgewiesene,sachverhalte,ertragsteuerverbindlichkeiten,ausgewiesen,ausreichen,abp,entweder,pensionsleistungen,anwartschaften,kürzen,arbeitgeber,arbeitnehmer,beiträge,erhöhen,fall,rwe,abppensionsplan,kündigen,abp,austrittszahlung,verlangen,deren,höhe,u˜a,abhängig,anzahl,planteilnehmer,höhe,gehalts,altersstruktur,teilnehmer,31,dezember,2019,betrug,anzahl,unserer,aktiven,planteilnehmer,ca,600,vorjahr,ca,600,rwe,finanzierung,pensionszusagen,deutsche,konzerngesellschaften,rahmen,contractual,trust,arrange,ment,cta,vermögenswerte,rwe,pensionstreuhand,e˜v,übertragen,besteht,verpflichtung,weiteren,dotierungen,treuhandvermögen,wurden,mittel,rwe,pension,fonds,ag,übertragen,pensionsverpflichtungen,gegenüber,wesentlichen,teil,mitarbeiter,gedeckt,bereits,ruhestand,getreten,rwe,pensionsfonds,ag,unterliegt,versicherungsaufsichtsgesetz,beaufsichtigung,bundesanstalt,finanzdienstleistungsaufsicht,bafin,soweit,pensionsfonds,aufsichtsrechtliche,unterdeckung,entsteht,nachschussforderung,arbeitgeber,stellen,unabhän,gig,genannten,regelungen,bleibt,haftung,arbeitge,bers,erhalten,organe,rwe,pensionstreuhand,ev,rwe,pensionsfonds,ag,vertragskonforme,verwen,dung,verwalteten,mittel,sorgen,voraussetzung,anerkennung,planvermögen,erfüllen,konzernabschluss,anhang141,großbritannien,gesetzlich,vorgeschrieben,leistungs,orientierte,versorgungspläne,ausreichenden,angemesse,nen,vermögenswerten,deckung,pensionsverpflichtungen,ausgestattet,betriebliche,altersvorsorge,erfolgt,branchenweiten,electricity,supply,pension,scheme,esp,rwe,fortgeführten,innogyaktivitäten,jeweils,eigene,zweckgebundene,voneinander,unabhängige,sektionen,besitzen,treuhändern,verwaltet,mitgliedern,pensionspläne,gewählt,bzw,trägerunter,nehmen,ernannt,treuhänder,manage,ment,pensionspläne,verantwortlich,hierzu,zählen,investitio,nen,rentenzahlungen,finanzierungspläne,pensionspläne,umfassen,jeweils,zugehörigen,versorgungsverpflichtungen,zugehörige,planvermögen,tochterunternehmen,rwekonzerns,fortgeführten,innogyaktivitäten,gesetzlich,vorgeschrieben,drei,jahre,technische,bewertung,erforderlichen,finanzierung,pensionspläne,durchgeführt,dabei,versorgungsverpflichtungen,basis,konservativer,annahmen,bewertet,vorgaben,ifrs,abweichen,zugrunde,liegenden,versiche,rungsmathematischen,annahmen,beinhalten,wesentlichen,unterstellte,lebenserwartung,mitglieder,pensionspläne,ebenso,annahmen,inflation,rechnungszinssätzen,marktrenditen,planvermögens,letzten,technischen,bewertungen,sektionen,esp,wurden,31,märz,2019,durchgeführt,rwesektion,ergibt,technisches,finanzierungsdefizit,443,mio˜£,rwe,defizit,zahlung,höhe,483,mio˜£,31,märz,2020,ausgleichen,sektion,fortgeführten,innogyaktivitäten,ergab,technisches,finanzierungsdefizit,1034,mio˜£,innogy,treuhänder,daraufhin,vereinbart,defizit,jährliche,zahlungen,höhe,375,mio˜£,363,mio˜£,170,mio˜£,170,mio˜£,jahren,2020,2023,auszugleichen,nächsten,bewertungen,müssen,31,märz,2022,stattfinden,gesellschaft,treuhänder,zeitpunkt,15,monate,zeit,technischen,bewertung,zuzustimmen,zahlungen,ausgleich,defizits,teilneh,menden,gesellschaften,basierend,vertraglichen,vereinbarung,rechnung,gestellt,darüber,hinaus,regelmäßig,einzahlungen,finanzierung,jährlich,neu,erdienten,pensionsansprüche,erhöhenden,anwartschaften,aktiver,mitarbeiter,geleistet,rückstellung,leistungsorientierte,versorgungssysteme,versicherungsmathematischen,methoden,ermittelt,dabei,legen,folgende,rechnungsannahmen,zugrunde,rechnungsannahmen,3112201931122018in,inland,ausland,˜1inland,ausland,˜1abzinsungsfaktor,120200170270gehaltssteigerungsrate,235300235330rentensteigerungsrate,100,160,bzw,175,190,bzw,280,100,160,bzw,175,220,bzw,310,1,betri˛t,versorgungszusagen,beschäftigte,rwekonzerns,großbritannien,142,grundlage,unserer,kapitalanlagepolitik,deutschland,detaillierte,analyse,planvermögens,pensionsverpflich,tungen,deren,verhältnis,zueinander,ziel,bestmög,liche,anlagestrategie,festzulegen,assetliabilitymanagement,studie,optimierungsprozess,diejenigen,portfolio,identifiziert,gegebenes,risiko,jeweils,besten,zielwert,erwirtschaften,effizienten,portfolio,eins,ausgewählt,strategische,assetallokation,bestimmt,außerdem,verbundenen,risiken,detailliert,analysiert,schwerpunkt,strategischen,kapitalanlage,rwe,liegt,ausländischen,staatsanleihen,steigerung,schnittsverzinsung,höherverzinsliche,unternehmens,anleihen,portfolio,aufgenommen,aktien,portfolio,geringeres,gewicht,rentenpapiere,anlage,erfolgt,verschiedenen,regionen,anlage,aktien,langfristig,risikoprämie,gegenüber,rentenanlagen,erzielt,zusätzlich,möglichst,gleichmäßig,hohe,erträge,erreichen,zudem,produkte,investiert,zeitverlauf,höherer,wahrscheinlichkeit,relativ,gleichmäßig,positive,erträge,erzielen,darunter,produkte,verstanden,deren,erträge,rentenanlagen,schwanken,dennoch,mittelfristig,mehrertrag,erzielen,sogenannte,absolutereturnprodukte,u˜a,dachhedgefonds,großbritannien,berücksichtigen,kapitalanlage,struktur,pensionsverpflichtungen,sowie,liquiditäts,risikoaspekte,ziel,anlagestrategie,kapital,deckungsgrad,pensionspläne,erhalten,vollständige,finanzierung,pensionspläne,zeitablauf,sicherzustellen,finanzierungskosten,mindern,überschussrenditen,erzielen,nehmen,anlage,höheren,risiko,portfolio,schwerpunkt,kapitalanlage,liegt,staats,unternehmensanleihen,zusammensetzung,planvermögens,zeitwerte,3112201931122018in,mio˜•,inland,˜1davon,level,1,ifrs,13aus,land˜2davon,level,1,ifrs,13inland,˜1davon,level,1,ifrs,13aus,land˜2davon,level,1,ifrs,13aktien,börsengehandelte,fonds,1539,1519,468,131,1396,1375,469,208,zinstragende,titel,3620,91,3502,33,3245437201641immobilien,3,4mischfonds,3705,375,1539,160,613229613324alternative,investment,685,438,661,6894067842sonstiges,464,30,407,69,726830876616,2453,6577,39360192082589421821,beim,planvermögen,inland,handelt,wesentlichen,treuhänderisch,rwe,pensionstreuhand,e˜v,verwaltetes,vermögen,rwe,ag,weiterer,konzernunternehmen,sowie,vermögen,rwe,pensionsfonds,ag,2,beim,ausländischen,planvermögen,handelt,vermögen,zweier,britischer,pensionsfonds,abdeckung,versorgungszusagen,beschäftigte,rwekonzerns,großbritannien,3,darin,enthalten,dividendenpapiere,zinstragende,titel,4,darin,enthalten,rückdeckungsansprüche,gegenüber,versicherungen,sonstiges,kassenvermögen,unterstützungskassen,konzernabschluss,anhang143,veränderung,pensionsrückstellungen,barwert,versorgungs,ansprüchezeitwert,planvermögens,aktivisch,ausgewiesenes,nettovermögen,gesamt,mio˜•,stand,01012019,14987119132133287laufender,dienstzeitaufwand,123123zinsaufwandzinsertrag,31226250vermögensertrag,fonds,abzüglich,zinskomponente,1096œ˜1096gewinneverluste,veränderung,demogra˙scher,annahmen,œ˜49˚49gewinneverluste,veränderung,˙nanzieller,annahmen,12721272erfahrungsbedingte,gewinneverluste,4343währungsanpassungen,308315103arbeitnehmerbeiträge,66arbeitgeberbeiträge,1157œ˜157rentenzahlungen,2œ˜718œ˜694œ˜24änderungen,konsolidierungskreisesumbuchungen,20914564nachverrechneter,dienstzeitaufwand,œ˜7œ˜7allgemeine,verwaltungskosten,œ˜77veränderung,aktivisch,ausgewiesenen,nettovermögens,œ˜70œ˜70stand,31122019,16486131931533446davon,inland,1004166163425davon,ausland,64456577153211,davon,42,mio˜•,erstnachdotierung,planvermögen,115,mio˜•,cash,flow,laufender,geschäftstätigkeit,2,enthalten,cash,flow,laufender,geschäftstätigkeit,pensionsrückstellungen,versorgungsansprüche,folgendermaßen,verändert,144,veränderungen,versicherungsmathematischen,annahmen,folgenden,veränderungen,anwartschaftsbarwertes,leistungsorientierten,versorgungsverpflichtungen,führen,sensitivitätsanalyse,pensionsrückstellungen,veränderungen,anwartschaftsbarwertes,leistungsorientierten,versorgungsverp˝ichtungen,mio˜•,3112201931122018veränderung,rechnungszinses,˜50˚˜50,basispunkte,œ,inland,œ˜734833œ˜644728œ,ausland,œ˜433489œ˜373420veränderung,gehaltstrends,˚˜50˜50,basispunkte,œ,inland,œ˜5557œ˜˜4951œ,ausland,œ˜3541œ˜˜2932veränderung,rententrends,˚˜50˜50,basispunkte,œ,inland,œ˜489537œ˜442484œ,ausland,œ˜300407œ˜267298erhöhung,lebenserwartung,jahr,œ,inland,482425œ,ausland,259202veränderung,pensionsrückstellungen,barwert,versorgungs,ansprüchezeitwert,planvermögens,aktivisch,ausgewiesenes,nettovermögen,gesamt,mio˜•,stand,01012018,25316199991035420laufender,dienstzeitaufwand,210210zinsaufwandzinsertrag,41334073vermögensertrag,fonds,abzüglich,zinskomponente,˚˜788788gewinneverluste,veränderung,demogra˙scher,annahmen4444gewinneverluste,veränderung,˙nanzieller,annahmen,380380erfahrungsbedingte,gewinneverluste,˚˜˜71˚˜71währungsanpassungen,˚˜45˚˜46˚˜1arbeitnehmerbeiträge,88arbeitgeberbeiträge,1259˚˜259rentenzahlungen,2˚˜907˚˜852˚˜55änderungen,konsolidierungskreises,œ˜10376˚˜7001˚˜106˚˜3481davon,veräußerung,bestimmt,ausgewiesen,˚˜10461˚˜7005˚˜106˚˜3562nachverrechneter,dienstzeitaufwand,1515allgemeine,verwaltungskosten,˚˜66veränderung,aktivisch,ausgewiesenen,nettovermögens,217217stand,31122018,14987119132133287davon,inland,920860193189davon,ausland,57795894213981,davon,138,mio˜•,erstnachdotierung,planvermögen,121,mio˜•,cash,flow,laufender,geschäftstätigkeit,2,enthalten,cash,flow,laufender,geschäftstätigkeit,konzernabschluss,anhang145,sensitivitätsanalysen,basieren,änderung,jeweils,annahme,wobei,annahmen,konstant,gehalten,realität,wahrscheinlich,davon,abweichen,methoden,berechnung,zuvor,genannten,sensitivitäten,berechnung,pensionsrückstellungen,stimmen,überein,abhängigkeit,pensionsrückstellungen,marktzinsniveau,gegenläufigen,effekt,begrenzt,hintergrund,verpflichtungen,betrieblichen,altersversorgungsplänen,überwiegend,fondsgedeckt,planvermögen,großen,teil,negativ,marktrenditen,festverzinslicher,wertpapiere,korreliert,deshalb,schlagen,rückläufige,marktzinsen,typischer,weise,anstieg,planvermögens,nieder,steigende,marktzinsen,hingegen,vermindern,i˜d˜r,planvermögen,barwert,versorgungsverpflichtungen,abzüglich,beizulegenden,zeitwertes,planvermögens,ergibt,netto,position,fondsfinanzierten,fondsfinanzierten,versorgungsverpflichtungen,bilanzierte,pensionsrückstellung,fondsfinanzierte,fondsfinanzierte,versorgungsansprüche,betrug,bilanzstichtag,2889,mio˜•,vorjahr,2826,mio˜•,bzw,557,mio˜•,vorjahr,461,mio˜•,nachverrechnete,dienstzeitaufwand,enthielt,geschäftsjahr,2019,weitgehend,effekte,zusammenhang,restrukturie,rungsmaßnahmen,inland,sowie,abfindungsleistungen,großbritannien,vorjahr,betraf,nachverrechnete,dienstzeit,aufwand,wesentlichen,pensionsverpflichtungen,großbritannien,resultierte,urteil,angleichung,mindestrenten,ansprüchen,mittels,geschlechtsspezifischer,faktoren,sowie,abfindungsleistungen,zudem,wurde,fall,deutschen,vorruhestandsregelungen,anspruch,mitarbeiters,zahlung,nachteilsausgleichs,teilweise,neu,bewertet,inländische,betriebsrenten,unterliegen,dreijahresrhythmus,stattfindenden,anpassungsprüfungspflicht,gesetz,verbesserung,betrieblichen,altersversorgung,§,16,betravg,betriebsrentengesetz,zusagen,gewähren,daneben,jährliche,rentenanpassungen,höher,anpassung,gemäß,gesetzlichen,anpassungspflicht,versorgungspläne,inland,garantieren,bestimmtes,renten,niveau,einbeziehung,gesetzlichen,rente,gesamt,versorgungssysteme,zukünftige,minderungen,gesetzlichen,ren,tenniveaus,könnten,rwe,höheren,rentenzahlun,gen,führen,gewichtete,durchschnittliche,laufzeit,leistungsverpflich,tung,duration,betrug,inland,16,jahre,vorjahr,15,jahre,ausland,15,jahre,vorjahr,14,jahre,geschäftsjahr,2020,rwe,leistungsorientierte,pläne,fortgeführten,aktivitäten,voraussichtliche,zahlungen,höhe,275,mio˜•,geplant,vorjahr,220,mio˜•,unmittelbare,renten,leistungen,einzahlungen,planvermögen,tätigen,rückstellungen,kernenergie,bergbaubereich,stand,01012019zufüh,rungenauf,lösungen,zinsanteil,änderungen,konsolidie,rungskreis,währungs,anpassungen,umbuchungen,inan,spruch,nahmenstand,31122019in,mio˜•,rückstellungen,entsorgung,kernenergiebereich,5944800227œ˜3œ˜2456723bergbaubedingte,rückstellungen,25161384œ˜9765œ˜38461884602184œ˚9992œ˚˚3œ˚28311341,rückstellungen,entsorgung,kernenergiebereich,kernkraftwerke,biblis,a,b,mülheimkärlich,emsland,lingen,gundremmingen,a,b,c,voller,höhe,angesetzt,entsorgungsrückstellungen,niederländische,kernkraftwerk,borssele,gemäß,rweanteil,30˜,einbezogen,rückstellungen,entsorgung,kernenergiebereich,nahezu,ausschließlich,langfristige,rückstellungen,bilanzstichtag,abgezinsten,erfüllungsbetrag,bilanziert,heutigem,stand,planung,rückstellungen,größtenteils,anfang,2040erjahre,anspruch,nehmen,basis,aktuellen,marktzinsniveaus,risikolose,geldanlagen,ermittelte,diskontierungssatz,betrug,bilanzstichtag,00˜,vorjahr,04˜,basis,erwartungen,allgemeinen,lohn,preissteigerungen,produktivitätsfortschritt,abgeleitete,eskalationsrate,15˜,vorjahr,15˜,kernenergie,spezifische,realabzinsungssatz,differenz,diskontierungszinssatz,eskalationsrate,betrug,œ˜15˜,vorjahr,œ˜11˜,erhöhung,absenkung,satzes,01,prozentpunkte,barwert,rückstellung,rund,50,mio˜•,verringern,erhöhen,146,zuführungen,rückstellungen,entsorgung,kernenergiebereich,liegen,œ,zinsanteil,œ,800,mio˜•,davon,entfallen,719,mio˜•,übernommenen,kernenergie,verpflichtungen,eontochter,preussenelektra,rahmen,erwerbs,minderheitenanteile,kernkraftwerksblöcken,gundremmingen,neben,mengenbedingten,erhöhungen,verpflichtungsvolumens,beruhen,weiteren,rückstellungszufüh,rungen,darauf,aktuelle,schätzungen,per,saldo,erhöhung,erwarteten,entsorgungskosten,geführt,rückstellungsveränderungen,wurden,51,mio,•,korrespondierenden,anschaffungskosten,kernkraftwerke,betrieb,befinden,brennelementen,verrechnet,abgesetzt,rückstellungen,wurden,geleistete,anzahlungen,dienstleistungen,höhe,8,mio˜•,berichtsjahr,überdies,rückstellungen,höhe,193,mio˜•,stilllegung,kernkraftwerken,anspruch,genommen,hierfür,ursprünglich,stilllegungs,rückbaukosten,entsprechender,höhe,aktiviert,worden,anschaffungskosten,betreffenden,kernkraftwerke,gemäß,regelungen,gesetzes,neuordnung,verantwortung,kerntechnischen,entsorgung,verbleibt,zuständigkeit,stilllegung,rückbau,anlage,sowie,verpackung,radioaktiven,abfälle,unternehmen,stilllegungs,rückbauprozess,umfasst,dabei,tätigkei,ten,endgültigen,einstellung,leistungsbetriebs,kernkraftwerks,entlassung,kraftwerksstandorts,regelungsbereich,atomgesetzes,antrag,stilllegung,abbau,kernkraftwerks,bereits,betriebs,zeit,atomrechtlichen,genehmigungsbehörde,gestellt,stilllegungs,abbautätigkeiten,rechtzeitig,ablauf,berechtigung,leistungsbetrieb,vorgenommen,rückbautätigkeiten,umfassen,wesentlichen,abbau,entfernen,radioaktiven,kontamination,einrichtun,gen,bzw,gebäudestrukturen,strahlenschutz,sowie,behördliche,begleitung,abbaumaßnahmen,restbetriebs,untergliedern,rückstellungen,entsorgung,kernenergiebereich,deshalb,rahmen,kraftwerks,stilllegung,anfallenden,restbetrieb,abbau,kernkraftwerks,anlage,sowie,kosten,reststoffbearbeitung,abfallbehandlung,radioaktiven,abfälle,rückstellung,restbetrieb,kernkraftwerksanlagen,umfasst,aktivitäten,weitgehend,unabhängig,abbau,entsorgung,anfallen,sicheren,bzw,genehmigungskonformen,anlagenzustand,notwendig,bzw,behördlich,gefordert,neben,betriebsüberwachung,objektschutz,gehören,hierzu,wesentlichen,wartung,wiederkehrende,prüfungen,instandhaltung,strahlen,brandschutz,sowie,infrastrukturanpassung,rückstellung,abbau,kernkraftwerksanlagen,maßnahmen,demontage,anlage,anlagenteilen,systemen,komponenten,sowie,gebäuden,enthalten,rahmen,atomgesetzes,zurückgebaut,müssen,weiteren,konventionelle,rückbau,kernkraftwerks,anlage,berücksichtigt,sofern,dafür,gesetzliche,sonstige,verpflichtungstatbestände,vorliegen,rückstellung,reststoffbearbeitung,abfallbehandlung,umfasst,sowohl,kosten,bearbeitung,radioaktiven,reststoffe,schadlos,verwerten,kosten,behandlung,radioaktiven,abfälle,laufenden,betriebs,entstanden,bzw,beim,abbau,entstehen,darin,enthalten,verschiedenen,verfahren,konditionierung,fachgerechte,verpacken,schwach,mittelradio,aktiven,abfälle,geeignete,behälter,sowie,deren,transport,bund,zwischenlagerung,beauftragte,bgz,gesellschaft,zwischenlagerung,mbh,bgz,darüber,hinaus,kosten,rückführung,wiederaufarbeitung,stammenden,abfälle,sowie,kosten,fachgerechte,verpackung,abge,brannter,brennelemente,d˜h,kosten,beladung,anschaffung,transport,zwischenlagerbehältern,enthalten,auftrag,kernkraftwerksbetreibers,bewertet,international,renommierte,ni,ingenieurgesellschaft,mbh,ni,alzenau,jährlich,voraussichtlichen,restbetrieb,abbaukosten,kernkraft,werken,kosten,anlagenspezifisch,ermittelt,berück,sichtigen,aktuellen,stand,technik,gegenwärtigen,regulatorischen,vorgaben,sowie,bisherigen,praktischen,erfahrungen,laufenden,bzw,bereits,abgeschlossenen,rückbau,projekten,darüber,hinaus,fließen,kostenberechnungen,aktuelle,entwicklungen,darin,eingeschlossen,kosten,konditionierung,fachgerechte,verpacken,beim,abbau,entstehenden,radioaktiven,abfälle,sowie,deren,transport,bund,zwischenlagerung,beauftragten,bgz,weitere,kostenschätzungen,entsorgung,radioaktiver,abfälle,basieren,verträgen,ausländischen,wiederaufarbeitungsunternehmen,entsorgungsbetrieben,außerdem,liegen,konzepte,interner,externer,experten,zugrunde,insbesondere,gns,gesellschaft,nuklearservice,mbh,gns,sitz,essen,rückstellungen,entsorgung,kernenergiebereich,mio˜•,3112201931122018restbetrieb,28402515abbau20861810reststo˛bearbeitung,abfallbehandlung,1797161967235944,konzernabschluss,anhang147,rückstellungen,entsorgung,kernenergiebereich,mio˜•,3112201931122018rückstellung,vertraglich,konkretisierte,nukleare,verp˝ichtungen,48494462rückstellung,vertraglich,konkretisierte,nukleare,verp˝ichtungen,1874148267235944,rückstellungen,entsorgung,kernenergiebereich,lassen,vertraglichen,konkretisierung,folgt,aufgliedern,lungsspezifischer,realabzinsungssatz,13˜,differenz,diskontierungszinssatz,41˜,eskalationsrate,28˜,aufgrund,vorgezogenen,ausstiegs,braunkoh,leverstromung,verbundenen,zusatzkosten,wiedernutzbarmachung,braunkohletagebaue,großteil,inanspruchnahmen,nächsten,30,jahren,anfällt,anpassung,ermittlung,diskontierungszinssatzes,eskalationsrate,erforderlich,diskontierung,inanspruch,nahmen,kommenden,30,jahre,orientieren,aktuellen,marktzinsniveau,risikolose,geldanlagen,darüber,hinausgehende,zeiträume,marktzinsen,vorliegen,diskontierung,inanspruchnahmen,zeitraum,30,jahren,hinaus,nachhaltiger,langfristiger,zinssatz,verwendet,insgesamt,ergibt,durchschnittlicher,diskontierungszins,199˜,eskalationsrate,15˜,niedrigerer,wert,angesetzt,vorjahr,28˜,eskalationsrate,reflektiert,aktuell,erwartete,preis,kostensteigerungen,bergbauspezi,fische,realabzinsungssatz,differenz,diskontie,rungszinssatz,eskalationsrate,beträgt,049˜,vorjahr,13˜,erhöhung,absenkung,realabzinsungssatzes,01,prozentpunkte,barwert,rückstellung,rund,140,mio˜•,verringern,erhöhen,zuführungen,bergbaubedingten,rückstellungen,liegen,œ,zinsanteil,œ,1384,mio˜•,darin,enthalten,kosten,mengenbedingte,erhöhung,verpflichtungsvolumens,sowie,kosten,wiedernutzbarmachung,braunkohletage,baue,aufgrund,ausstiegs,braunkohleverstromung,jahr,2038,rückstellungsveränderungen,wurden,258,mio˜•,posten,—sachanlagenﬁ,aktiviert,rückstellung,vertraglich,konkretisierte,nukleare,verpflichtungen,umfasst,kosten,restbetriebs,laufenden,anlage,sowie,kosten,abbaus,reststoffbearbeitung,abfallbehandlung,stilllegungsabfälle,rückstellung,vertraglich,konkretisierte,nukleare,verpflichtun,gen,enthält,sämtliche,verpflichtungen,deren,bewertung,zivilrechtliche,verträge,konkretisiert,verpflichtungen,enthalten,u˜a,erwartenden,restlichen,kosten,wiederaufarbeitung,rücknahme,daraus,resultierenden,radioaktiven,abfälle,kosten,ergeben,bestehenden,verträgen,ausländischen,wiederaufarbeitungsunternehmen,gns,daneben,kosten,anschaffung,transport,zwischenlagerbehälter,sowie,deren,beladung,abgebrannten,brennelementen,rahmen,direkten,endlage,rung,berücksichtigt,einbezogen,beträge,fachgerechte,verpackung,radioaktiver,betriebsabfälle,sowie,restbetrieb,anfallenden,eigenpersonalkosten,endgültig,außer,betrieb,genommenen,anlage,bergbaubedingten,rückstellungen,größtenteils,langfristig,decken,bilanzstichtag,verursachte,verpflich,tungsvolumen,vollständig,ab,bilanz,stichtag,abgezinsten,erfüllungsbetrag,angesetzt,berg,bau,bedingten,rückstellungen,enthalten,erwartenden,zusatzkosten,wiedernutzbarmachung,braunkohletage,baue,vorgezogenen,ausstieg,braunkohle,verstromung,jahr,2038,verbunden,kontinuier,liche,rekultivierung,tagebauflächen,hinaus,großteil,inanspruchnahmen,wiedernutzbarmachung,braunkohle,tagebaue,2050,erwartet,kostenschätzungen,basieren,wesentlichen,teilen,externen,gutachten,aufgrund,langfristigkeit,verpflichtung,wurde,bislang,sowohl,eskalationsrate,diskontierungszinssatz,durchschnittswerte,langen,vergleichszeitraum,vergangenheit,ermittelt,inflationsentwicklung,sowohl,erfüllungsbeträge,zinsniveau,auswirkt,ergab,vorgehensweise,konsistenter,rückstel,148,sonstige,rückstellungen,stand,01012019zufüh,rungenauf,lösungenzinsanteil,änderungen,konsolidie,rungskreis,währungs,anpassungen,buchungeninan,spruch,nahmenstand,31122019in,mio˜•,verp˝ichtungen,personal,bereich,restrukturierungen,824541œ˜17639œ˜410983verp˝ichtungen,restrukturierungen,132537œ˜237œ˜28œ˜3622einkaufs,verkaufsverp˝ichtungen,997367œ˜17832378œ˜901506rückstellungen,rückbau,windparks,36262œ˜21˚˜45594952sonstige,rückbau,rüstungsverp˝ichtungen,58029œ˜4183œ˜17634umweltschutzverp˝ichtungen,977œ˜1932œ˜1080zinszahlungsverp˝ichtungen,26291œ˜5œ˜67281rückgabeverp˝ichtungen,co,2emissionsrechtezerti˙kate,alternativer,energien,885775œ˜119œ˜887771übrige,sonstige,rückstellungen,1052605œ˜2428œ˜355œ˜348958519113014œ˚339114639œ˚183267871,angepasster,wert,aufgrund,agendaentscheidung,ifrsic,september,2019,zuvor,steuerrückstellungen,ausgewiesene,sachverhalte,ertragsteuerverbindlichkeiten,ausgewiesen,konzernabschluss,anhang149,langfristigen,finanzverbindlichkeiten,631,mio˜•,vorjahr,523,mio˜•,verzinslich,ausstehende,anleihen,emittent,ausstehender,betrag,buchwertin,mio˜•,kupon,fälligkeit,rwe,ag,12,mio˜•,1235oktober,2037,rwe,ag,539,mio˜•,1538275april,2075rwe,ag,282,mio˜•,128135april,2075rwe,ag,317,mio,us˜,12796625juli,2075,anleihen11101,gemäß,ifrs,fremdkapital,klassi˙zierende,hybridanleihe,folgende,übersicht,zeigt,eckdaten,anleihen,rwe,konzerns,31,dezember,2019,darstellten,finanzverbindlichkeiten,39,mio˜•,vorjahr,72,mio˜•,grundpfandrechte,gesichert,sonstigen,finanzverbindlichkeiten,leasingverbindlich,keiten,enthalten,finanzverbindlichkeiten,3112201931122018in,mio˜•,langfristig,kurzfristig,langfristig,kurzfristig,anleihen˜111101103verbindlichkeiten,gegenüber,kreditinstituten,96539147381sonstige,finanzverbindlichkeiten,sicherheitsleistungen,handelsgeschäfte,400533übrige,sonstige,finanzverbindlichkeiten,184910194221523924181019987661,inkl,gemäß,ifrs,fremdkapital,klassi˙zierender,hybridanleihen,23,finanzverbindlichkeiten,rückstellungen,verpflichtungen,personalbereich,umfassen,wesentlichen,rückstellungen,altersteilzeitrege,lungen,abfindungen,ausstehenden,urlaub,jubiläen,sowie,erfolgsabhängige,gehaltsbestandteile,basis,aktueller,erwartun,gen,gehen,mehrheit,inanspruchnahme,jahren,2020,2025,rückstellungen,verpflichtungen,restrukturierungen,beziehen,wesentlichen,maßnahmen,sozialver,träglichen,personalabbau,gegenwärtig,gehen,mehrheit,inanspruchnahme,jahren,2020,2030,dabei,beträge,personalmaßnahmen,rückstel,lung,verpflichtungen,restrukturierungen,rückstellungen,verpflichtungen,personalbereich,umgegliedert,sobald,zugrunde,liegende,restrukturierungsmaßnahme,konkretisiert,fall,individuelle,verträge,sozialverträg,lichen,personalabbau,betroffenen,mitarbeitern,unterschrieben,wurden,rückstellungen,einkaufs,verkaufsverpflichtungen,umfassen,drohende,verluste,schwebenden,geschäften,heutiger,sicht,erwarten,großteil,inanspruchnahme,rückstellungen,rückbau,windparks,jahren,2020,2045,sonstigen,rückbau,rüstungsverpflichtungen,jahren,2020,2060,150,zudem,entfielen,sonstigen,übrigen,verbindlichkeiten,46,mio˜•,vorjahr,56,mio˜•,investitionszuwendungen,öffentlichen,hand,wesentlichen,zusammenhang,bau,windparks,vorjahr,darüber,hinaus,zusammen,hang,mitverbrennung,biomasse,gewährt,worden,verbindlichkeiten,finanzierungsleasingverträgen,fälligkeiten,mindestleasingzahlungen,31122018in,mio˜•,nominal,wertabzinsungs,betrag,barwertfällig,folgejahr,1010fällig,1,5,jahren,3939fällig,5,jahren,192192241241,übrige,verbindlichkeiten,3112201931122018in,mio˜•,langfristig,kurzfristig,langfristig,kurzfristig,verbindlichkeiten,steuern,129105verbindlichkeiten,rahmen,sozialen,sicherheit,217214derivate,391100883626698sonstige,übrige,verbindlichkeiten,4561354144383849115885087200davon,˙nanzielle,schulden,435103033796877davon,nicht˙nanzielle,schulden,4141285129323mit,einführung,ifrs,16,entfällt,unterscheidung,operatingleasingverhältnissen,finanzierungsleasing,beim,leasingnehmer,fälligkeitsanalyse,gesamten,leasing,verbindlichkeiten,31,dezember,2019,findet,berichterstattung,finanzinstrumenten,siehe,anhangangabe,27,steuerrückstellungen,ertragsteuerverbindlichkeiten,ausgewiesen,wesentlichen,beinhaltet,position,ertrag,steuern,finanzverwaltung,abschließend,veranlagte,jahreszeiträume,bzw,laufende,jahr,vorjahr,verbindlichkeiten,finanzierungsleasing,verträgen,folgende,fälligkeiten,24,ertragsteuerverbindlichkeiten,ertragsteuerverbindlichkeiten,höhe,1174,mio˜•,vorjahr,1540,mio˜•,1,januar,2018,1969,mio˜•,ungewisse,ertragsteuerpositionen,enthalten,infolge,ifrsic,agendaentscheidung,september,2019,mehr,25,übrige,verbindlichkeiten,verbindlichkeiten,rahmen,sozialen,sicherheit,insbesondere,abzuführenden,beiträge,sozialversiche,rungen,ausgewiesenin,sonstigen,übrigen,verbindlichkeiten,vertragsverbindlich,keiten,höhe,269,mio˜•,vorjahr,76,mio˜•,enthalten,konzernabschluss,anhang151,ł,erfolgsneutral,beizulegenden,zeitwert,bewertete,fremd,kapitalinstrumente,vertraglichen,geld˝üsse,bestehen,ausschließlich,zins,tilgung,ausstehenden,kapitalbetrag,finanzinstrument,besteht,sowohl,halte,veräußerungsabsicht,ł,erfolgsneutral,beizulegenden,zeitwert,bewertete,eigenkapital,instrumente,option,änderungen,beizulegenden,zeitwertes,direkt,eigenkapital,auszuweisen,gebrauch,gemacht,ł,erfolgswirksam,beizulegenden,zeitwert,bilanzierte,˙nanzielle,vermögenswerte,vertraglichen,geld˝üsse,fremdkapital,instrumenten,bestehen,ausschließlich,zins,tilgung,ausstehenden,kapitalbetrag,option,ausweis,änderungen,beizulegenden,zeitwertes,eigenkapitalinstrumenten,direkt,eigenkapital,angewendet,passivseite,bestehen,originären,finanzinstrumente,wesentlichen,fortgeführten,anschaffungskosten,bewerteten,verbindlichkeiten,beizulegenden,zeitwert,angesetzten,finanzinstrumente,anhand,veröffentlichten,börsenkurses,bewertet,sofern,finanzinstrumente,aktiven,markt,gehandelt,beizulegende,zeitwert,notierter,fremd,eigenkapital,titel,grundsätzlich,basis,diskontierter,erwarteter,zahlungs,ströme,berücksichtigung,makroökonomischer,entwicklungen,unternehmensplandaten,ermittelt,diskontierung,aktuelle,restlaufzeitkongruente,marktzinssätze,herangezogen,derivative,finanzinstrumente,œ,sofern,anwen,dungsbereich,ifrs,9,fallen,œ,grundsätzlich,beizulegen,zeitwerten,bilanzstichtag,bilanziert,börsengehandelte,produkte,veröffentlichten,schlusskursen,jeweiligen,börsen,bewertet,börsengehandelte,produkte,anhand,öffentlich,zugänglicher,brokerquotierungen,bewertet,œ,fall,vorhanden,œ,anhand,allgemein,anerkann,ter,bewertungsmodelle,dabei,orientieren,œ,soweit,möglich,œ,notierungen,aktiven,märkten,sollten,notierungen,vorliegen,fließen,unternehmensspezifische,planannahmen,bewertung,umfassen,sämtliche,marktfaktoren,marktteilnehmer,preisfestsetzung,berücksichti,gen,energiewirtschaftliche,volkswirtschaftliche,annahmen,umfangreichen,prozess,einbeziehung,interner,externer,experten,ermittelt,bemessung,beizulegenden,zeitwertes,gruppe,finanzieller,vermögenswerte,finanzieller,verbindlichkeiten,basis,nettorisikoposition,pro,geschäftspartner,vorgenommen,sonstige,angaben,26,ergebnis,je,aktie,unverwässerte,verwässerte,ergebnis,je,aktie,ergeben,rweaktionären,zustehende,teil,netto,ergebnisses,durchschnittliche,zahl,umlauf,befindlichen,aktien,geteilt,eigene,aktien,bleiben,dabei,unberücksichtigt,vorjahr,ergab,stammaktien,vorzugsaktien,gleiche,ergebnis,je,aktie,ergebnis,je,aktie,20192018nettoergebnis,aktionäre,rwe,ag,mio˜•,8498335davon,fortgeführten,aktivitäten,œ˜691œ˜196davon,fortge,führten,aktivitäten,9189531zahl,umlauf,be˙nd,lichen,aktien,gewichteter,durchschnitt,tsd,stück,614745614745unverwässertes,verwässertes,ergebnis,je,stammaktie,•1382054davon,fortgeführten,aktivitäten,œ˜113œ˜032davon,fortge,führten,aktivitäten,1495086dividende,je,stammaktie,•0801070dividende,je,vorzugsaktie,•0701,vorschlag,geschäftsjahr,2019,27,berichterstattung,finanzinstrumenten,finanzinstrumente,lassen,danach,unterscheiden,originär,derivativ,originären,finanzinstrumente,umfassen,aktivseite,wesentlichen,übrigen,finanz,anlage,forderungen,kurzfristigen,wertpapiere,flüssigen,mittel,finanzinstrumente,abhängig,klassifizierung,entweder,fortgeführten,anschaffungs,kosten,beizulegenden,zeitwert,angesetzt,finanz,instrumente,zwecke,bilanzierung,nachfolgenden,kategorien,zugeordnet,ł,fortgeführten,anscha˛ungskosten,bewertete,fremdkapital,instrumente,vertraglichen,geld˝üsse,bestehen,ausschließlich,zins,tilgung,ausstehenden,kapitalbetrag,finanzinstrument,besteht,halteabsicht,endfälligkeit,152,fairvaluehierarchie,mio˜•,summe2019stufe,1,stufe,2,stufe,3,summe2018stufe,1,stufe,2,stufe,3,übrige,finanzanlagen,4391385318835040093159148derivate,aktiv,121081144366572717115156davon,sicherungsbeziehungen,2961296116441644wertpapiere,325818291429360616181988zur,veräußerung,bestimmte,vermögenswerte,918403117551472804derivate,passiv,1047999025777060702535davon,sicherungsbeziehungen,1513151311341134zur,veräußerung,bestimmte,schulden4413431343aufgrund,erhöhten,anzahl,preisquotierungen,aktiven,märkten,wurden,finanzielle,vermögenswerte,beizulegen,zeitwert,24,mio˜•,vorjahr,14,mio˜•,stufe,2,stufe,1,umgegliedert,gegenläufig,wurden,wegen,verminderten,anzahl,preisquotierungen,finanzielle,vermögenswerte,beizulegenden,zeitwert,25,mio˜•,vorjahr,12,mio˜•,stufe,1,stufe,2,umgegliedert,ferner,wurden,berichtsjahr,derivate,finanzinstrumente,stufe,3,entwicklung,jahr,2019stand,01012019änderungenkonsolidie,rungskreis,währungs,anpassungensonstiges,veränderungen,stand,31122019in,mio˜•,erfolgswirksam,erfolgsneutral,oci,zahlungs,wirksam,übrige,finanzanlagen,148155œ˜23œ˜979350derivate,aktiv,156182434œ˜107665zur,veräußerung,bestimmte,vermögenswerte,804œ˜819œ˜8318derivate,passiv,35138432œ˜28577zur,veräußerung,bestimmte,schulden,44mit,beizulegenden,zeitwert,44,mio˜•,stufe,2,stufe,3,umgegliedert,folgende,darstellung,zeigt,entwicklung,stufe,3,beizulegenden,zeitwert,bilanzierten,finanzinstrumente,folgende,übersicht,stellt,einordnung,beizulegen,zeitwert,bewerteten,finanzinstrumente,ifrs,13,vorgegebene,fairvaluehierarchie,dar,einzelnen,stufen,fairvaluehierarchie,folgt,definiert,ł,stufe,1,bewertung,unverändert,übernommenen,preisen,identischer,finanzinstrumente,aktiven,märkten,gebildet,ł,stufe,2,bewertung,basis,inputfaktoren,denen,preise,stufe,1,handelt,finanzinstrument,entweder,direkt,d˜h,preis,indirekt,d˜h,ableitung,preisen,beobachten,lassen,ł,stufe,3,bewertung,mithilfe,faktoren,beobachtbare,marktdaten,stützen,konzernabschluss,anhang153,derivative,finanzinstrumente,stufe,3,umfassen,wesentlichen,energiebezugs,rohstoffverträge,handelsperioden,betreffen,aktiven,märkte,gibt,bewertung,insbesondere,entwicklung,strom,öl,gaspreise,abhängig,steigenden,marktpreisen,erhöht,gleichen,bedingungen,beizulegende,zeitwert,sinkenden,marktpreisen,verringert,veränderung,preisverhältnisse,œ˜10˜,anstieg,marktwertes,61,mio˜•,vorjahr,41,mio˜•,bzw,rückgang,61,mio˜•,vorjahr,41,mio˜•,führen,finanzinstrumente,stufe,3,erfolgswirksam,erfasste,gewinne,verluste,mio˜•,gesamt,2019davon,finanz,instrumente,entfallend,bilanzstichtag,gehalten,wurden,gesamt,2018davon,finanz,instrumente,entfallend,bilanzstichtag,gehalten,wurden,umsatzerlöse,2422422525materialaufwand,œ˜449œ˜449œ˜24œ˜24sonstige,betriebliche,erträgeaufwendungen,2092099696beteiligungsergebnis,œ˜23œ˜10œ˜45œ˜45ergebnis,fortgeführter,aktivitäten,œ˜84048œ˜29œ˚892100die,erfolgswirksam,erfassten,gewinne,verluste,finanzins,trumenten,stufe,3,entfallen,folgende,posten,gewinn,verlustrechnung,finanzinstrumente,stufe,3,entwicklung,jahr,2018stand,01012018änderungenkonsolidie,rungskreis,währungs,anpassungensonstiges,veränderungen,stand,31122018in,mio˜•,erfolgswirksam,erfolgsneutral,oci,zahlungs,wirksam,übrige,finanzanlagen,821œ˜741œ˜421298148finanzforderungen,35œ˜35derivate,aktiv,33140œ˜17156zur,veräußerung,bestimmte,vermögenswerte,73630œ˜139804derivate,passiv,436œ˜535154,buchwerte,finanziellen,vermögenswerte,verbindlich,keiten,anwendungsbereich,ifrs,7,stimmen,grundsätzlich,beizulegenden,zeitwerten,überein,abweichungen,gibt,lediglich,finanzverbindlichkeiten,deren,buchwert,beträgt,4632,mio˜•,vorjahr,2764,mio˜•,beizulegende,zeitwert,4919,mio˜•,vorjahr,2842,mio˜•,davon,entfallen,1180,mio˜•,vorjahr,1080,mio˜•,stufe,1,3739,mio˜•,vorjahr,1762,mio˜•,stufe,2,fairvaluehierarchie,buchwerte,bewertungskategorien,mio˜•,3112201931122018erfolgswirksam,beizulegenden,zeitwert,bilanzierte,˙nanzielle,vermögenswerte,1082911128davon,verp˝ichtend,beizulegenden,zeitwert,bewertet,œ,fortgeführte,aktivitäten,108218483davon,verp˝ichtend,beizulegenden,zeitwert,bewertet,œ,veräußerung,bestimmt,82645zu,fortgeführten,anscha˛ungskosten,bewertete,fremdkapitalinstrumente,954314757davon,veräußerung,bestimmt,1126244erfolgsneutral,beizulegenden,zeitwert,bewertete,fremdkapitalinstrumente,17271715davon,veräußerung,bestimmt,975erfolgsneutral,beizulegenden,zeitwert,bewertete,eigenkapitalinstrumente,4247817davon,veräußerung,bestimmt,408erfolgswirksam,beizulegenden,zeitwert,bilanzierte,˙nanzielle,verbindlichkeiten,89707258davon,verp˝ichtend,beizulegenden,zeitwert,bewertet,œ,fortgeführte,aktivitäten,89665926davon,verp˝ichtend,beizulegenden,zeitwert,bewertet,œ,veräußerung,bestimmt,41332zu,fortgeführten,anscha˛ungskosten,bewertete,verbindlichkeiten,809120621davon,veräußerung,bestimmt,31115545aufgrund,erstanwendung,ifrs,16,aktuellen,berichtsperiode,finanzverbindlichkeiten,genannten,werten,leasingverbindlichkeiten,mehr,enthalten,vorjahreswerten,berücksichtigt,finanzinstrumente,wurden,gewinn,verlustrechnung,je,bewertungskategorie,folgenden,nettoergebnissen,gemäß,ifrs,7,erfasst,nettoergebnis,je,bewertungskategorie,mio˜•,20192018erfolgswirksam,beizulegenden,zeitwert,bilanzierte,˙nanzielle,vermögenswerte,verbindlichkeiten,941œ˜95davon,verp˝ichtend,beizulegenden,zeitwert,bewertet,941œ˜95zu,fortgeführten,anscha˛ungskosten,bewertete,fremdkapitalinstrumente,137186erfolgsneutral,beizulegenden,zeitwert,bewertete,fremdkapitalinstrumente,3825erfolgsneutral,beizulegenden,zeitwert,bewertete,eigenkapitalinstrumente,2714zu,fortgeführten,anscha˛ungskosten,bewertete,verbindlichkeiten,œ˜317œ˜236die,finanziellen,vermögenswerte,verbindlichkeiten,lassen,berichtsjahr,bewertungskategorien,ifrs,9,folgenden,buchwerten,untergliedern,konzernabschluss,anhang155,zugehörigen,saldierten,beträge,umfassen,außerbörs,liche,transaktionen,erhaltene,geleistete,barsicherheiten,sowie,rahmen,börsengeschäften,voraus,erbringende,sicherheitsleistungen,rwekonzern,international,tätiges,versorgungsunter,nehmen,rahmen,gewöhnlichen,geschäftstätigkeit,markt,kredit,liquiditätsrisiken,ausgesetzt,begrenzen,risiken,systematisches,konzernübergreifendes,risikomanagement,handlungsrahmen,verantwortlichkeiten,kontrollen,interne,richtlinien,verbindlich,vorgegeben,marktrisiken,ergeben,änderungen,währungs,aktienkursen,sowie,zinssätzen,commoditypreisen,ergebnis,geschäftstätigkeit,beeinflussen,wegen,internationalen,präsenz,rwekonzerns,kommt,währungsmanagement,große,bedeutung,brenn,stoffe,notieren,u˜a,britischen,pfund,usdollar,zudem,rwe,vielzahl,verschiedener,währungsräume,geschäftlich,aktiv,gesellschaften,rwekonzerns,grundsätzlich,verpflichtet,fremdwährungsrisiken,rwe,ag,sichern,fremdwährungsrisiken,beteiligung,finanzierung,erneuerbareenergiengeschäfts,erwachsen,rwe,renewables,international,participation,b˜v,abgesichert,saldierung,˛nanziellen,vermögens,werten,˛nanziellen,verbindlichkeiten,31122018angesetzte,bruttobeträge,saldierungausgewiesene,nettobeträge,zugehörige,saldierte,beträge,nettobetrag,finanz,instrumente,erhaltene,geleistete,barsicher,heiten,mio˜•,derivate,aktiv,14915œ˜14232683œ˜400283derivate,passiv,10532œ˜10101431œ˜186œ˜245saldierung,˛nanziellen,vermögens,werten,˛nanziellen,verbindlichkeiten,31122019angesetzte,bruttobeträge,saldierungausgewiesene,nettobeträge,zugehörige,saldierte,beträge,nettobetrag,finanz,instrumente,erhaltene,geleistete,barsicher,heiten,mio˜•,derivate,aktiv,10381œ˜9801580œ˜318262derivate,passiv,9031œ˜8185846œ˜119œ˜727das,nettoergebnis,gemäß,ifrs,7,umfasst,wesentlichen,zinsen,dividenden,ergebnisse,bewertung,finanzinstrumen,ten,beizulegenden,zeitwert,teil,investitionen,eigenkapitalinstrumente,option,ausgeübt,änderungen,beizulegenden,zeitwertes,other,comprehensive,income,auszuweisen,hierbei,handelt,strategische,investitionen,langfristige,beteiligungen,sowie,wertpapiere,spezialfonds,beizulegender,zeitwert,erfolgsneutral,beizulegenden,zeitwert,bewerteten,eigenkapitalinstrumenten,mio˜•,3112201931122018wertpapiere,spezialfonds,444378nordsee,one,gmbh,2231eon,se,3780im,berichtsjahr,2019,wurden,dividendenerträge,finanzinstrumenten,höhe,27,mio˜•,vorjahr,13,mio˜•,erfasst,denen,5,mio˜•,vorjahr,4,mio˜•,eigenkapital,instrumente,entfallen,selben,jahr,veräußert,wurden,berichtsjahr,wurden,außerdem,erfolgsneutral,beizulegenden,zeitwert,bewertete,eigenkapitalinstrumente,aufgrund,beste,henden,anlagestrategie,veräußert,deren,beizulegender,zeitwert,ausbuchung,belief,738,mio˜•,vorjahr,312,mio˜•,daraus,entstandene,gewinn,betrug,5,mio˜•,vorjahr,verlust,2,mio˜•,folgende,übersicht,zeigt,diejenigen,finanziellen,vermögens,werte,finanziellen,verbindlichkeiten,gemäß,ia,32,saldiert,einklagbaren,globalverrechnungsverträgen,ähnlichen,vereinbarungen,unterliegen,saldierten,finanziellen,vermögenswerte,verbindlichkeiten,umfassen,wesentlichen,täglich,fällige,sicherheitsleistungen,börsengeschäfte,156,zinsrisiken,resultieren,hauptsächlich,finanzschulden,zinstragenden,anlage,konzerns,negative,wertänderungen,unerwarteten,zinsbewegungen,sichern,fallweise,originäre,derivative,finanzgeschäfte,ab,chancen,risiken,wertänderungen,langfristigen,wertpapiere,professionelles,fondsmanagement,zentral,rwe,ag,verwaltet,weiteren,finanzgeschäfte,konzerns,zentralen,risikomanagementsoftware,erfasst,rwe,ag,überwacht,commoditygeschäfte,bereich,controlling,risiko,management,rwe,ag,richtlinien,aufgestellt,demnach,dürfen,derivate,absicherung,preisrisiken,eingesetzt,darüber,hinaus,handel,commodityderivaten,rahmen,limiten,erlaubt,einhaltung,obergrenzen,täglich,überwacht,risiken,schwankungen,commoditypreise,finanzwirt,schaftliche,risiken,fremdwährungsrisiken,zinsrisiken,risiken,wertpapieranlagen,rwe,u˜a,anhand,kennzahlen,value,at,risk,var,überwacht,gesteuert,steuerung,zinsrisiken,zudem,cash,flow,at,risk,cfar,ermittelt,varmethode,ermittelt,überwacht,rwe,maximale,verlustpotenzial,veränderung,marktpreisen,bestimmten,wahrscheinlichkeit,innerhalb,bestimmter,fristen,ergibt,berechnung,historische,preisschwan,kungen,zugrunde,gelegt,cfar,varanga,ben,konfidenzintervall,95˜,haltedauer,tag,ermittelt,cfar,konfidenzintervall,95˜,haltedauer,jahr,unterstellt,rwe,unterscheidet,zinsrisiken,zwei,risikokategorien,seite,zinssteigerungen,führen,kurse,wertpapieren,rwebestand,sinken,betrifft,erster,linie,festverzinsliche,anleihen,bestimmung,kurswertrisikos,var,ermittelt,betrug,bilanz,stichtag,48,mio˜•,vorjahr,23,mio˜•,seite,erhöhen,zinsniveau,finanzierungskosten,sensitivität,zinsaufwands,bezug,marktzinssteigerungen,messen,cfar,lag,31,dezember,2019,348,mio˜•,vorjahr,59,mio˜•,rwe,ermittelt,cfar,annahme,refinanzierung,fälliger,schulden,var,fremdwährungspositionen,lag,31,dezember,2019,16,mio˜•,vorjahr,11,mio˜•,entspricht,interne,steuerung,verwendeten,kennzahl,grundgeschäfte,cashflowhedgebeziehungen,eingehen,zudem,bildet,var,zusätzlich,risiko,zeitlicher,inkongruenzen,ab,var,kurswertrisiken,aktien,rweportfolio,lag,31,dezember,2019,37,mio˜•,vorjahr,69,mio˜•,rwe,supply˜˜trading,var,handelsgeschäft,var,gebündelte,geschäft,gas,verflüssigtem,erdgas,lng,zentralen,internen,steuerungsgrößen,commoditypositionen,var,darf,hierbei,höchstens,40,mio˜•,bzw,14,mio˜•,betragen,31,dezember,2019,belief,var,handelsgeschäft,120,mio˜•,vorjahr,124,mio˜•,bzw,gebündelte,gas,lnggeschäft,47,mio˜•,vorjahr,51,mio˜•,handel,gebündelten,lng,gasgeschäft,rwe,supply,trading,zudem,monatlicher,basis,stresstests,durchgeführt,auswirkungen,commoditypreisänderun,gen,ertragslage,simulieren,gegebenenfalls,risikomin,dernde,maßnahmen,ergreifen,test,markt,preiskurven,modifiziert,basis,neubewertung,commodityposition,vorgenommen,abgebildet,neben,historischen,extrempreisszenarien,realistische,fiktive,preisszenarien,fall,stresstests,interne,schwellen,überschreiten,szenarien,genauer,hinsichtlich,wirkung,wahrscheinlichkeit,analysiert,gegebenenfalls,risikomindernde,maßnahmen,erwogen,commodityrisiken,stromerzeugenden,konzerngesellschaf,ten,segmente,braunkohle˜˜kernenergie,sowie,europäische,stromerzeugung,gemäß,konzernvorgaben,basierend,verfügbaren,marktliquidität,marktpreisen,segment,energiehandel,abgesichert,entsprechend,vorgehensweise,beispielsweise,langfristigen,investitionen,commodity,risiken,langfristigen,positionen,positionen,aufgrund,größe,gegebener,markt,liquidität,absichern,lassen,varkonzept,gesteuert,deshalb,varwerten,berücksichtigt,übertragenen,offenen,erzeugungs,positionen,hinaus,konzerngesellschaften,segmente,braunkohle,kernenergie,sowie,europäische,stromerzeugung,gemäß,konzernvorgabe,berechtigt,wesentliche,risikopositionen,halten,weiteren,commoditypreisrisiken,bezug,erzeu,gungspositionen,erneuerbaren,energien,gasspeicher,geschäft,bestehen,commodity,preisrisiken,erneuerbaren,erzeugungspositionen,hierfür,neu,eingesetzten,renewables,commodity,management,committee,re,cmc,gesteuert,tochtergesellschaften,gasspeichern,steuern,positionen,aufgrund,unbundlingvorschriften,ebenfalls,selbstständig,wichtigsten,instrumenten,begrenzung,markt,risiken,gehört,abschluss,sicherungsgeschäften,instrumente,dienen,dabei,termin,optionsgeschäfte,devisen,zinsswaps,zinswährungsswaps,sowie,termin,option,future,swapgeschäfte,commodity,laufzeit,zins,währungs,aktien,index,commodity,derivate,sicherungsgeschäft,orientiert,laufzeit,jeweiligen,grundgeschäfte,liegt,überwiegend,kurz,mittelfristigen,bereich,absicherung,fremdwährungs,risikos,auslandsbeteiligungen,betragen,laufzeiten,zwölf,jahre,konzernabschluss,anhang157,derivativen,finanzinstrumente,vermögenswerte,verbindlichkeiten,beizulegenden,zeitwert,angesetzt,interpretation,positiven,negativen,beizulegenden,zeitwerte,beachten,finanzinstrumenten,œ,außer,beim,handel,commodity,œ,i˜d˜r,grundgeschäfte,kompensierenden,risiken,gegenüberstehen,bilanzielle,sicherungsbeziehungen,gemäß,ifrs,9,dienen,erster,linie,reduktion,währungsrisiken,beteiligungen,ausländischer,funktionalwährung,marktpreisrisiken,commodi,tie,zinsrisiken,langfristigen,verbindlichkeiten,sowie,währungs,preisrisiken,absatz,beschaffungsgeschäften,fair,value,hedge,zweck,marktpreisrisiken,co,2,emissionsrechten,begrenzen,fair,value,hedge,sowohl,derivat,abgesicherte,grundgeschäft,letzteres,hinsichtlich,abgesicherten,risikos,erfolgswirksam,beizulegenden,zeitwert,erfasst,absicherung,beizu,legenden,zeitwertes,rohstoffpreis,risiken,rwe,folgenden,sicherungsinstrumente,gehalten,sicherungsinstrumente,fair,value,hedge,31122018fälligkeit,1˜œ˜6,monate,7˜œ˜12,monate,12,monate,co,2derivate,nominalvolumen,mio,•,39gesicherter,schnittspreis,•tonne,557entstehung,grund,abschluss,sicherungsge,schäfts,entstehen,ebenso,ineffektivitäten,kommen,sicherungsgeschäfte,wesentliche,fremdwährungsbasis,spread,enthalten,realisation,grundgeschäfts,geht,erfolgsbeitrag,sicherungsgeschäfts,accumulated,other,comprehensive,income,gewinn,verlustrechnung,erstmaligen,wertansatz,vermögens,wertes,verbindlichkeit,verrechnet,absicherung,künftiger,zahlungsströme,fremdwährungsrisiken,rwe,folgenden,sicherungsinstrumente,gehalten,sicherungsinstrumente,cash,flow,hedge,31122019fälligkeit,1˜œ˜6,monate,7˜œ˜12,monate,12,monate,devisenterminkontrakte,œ,käufe,nominalvolumen,mio˜•,227613461durchschnittskurs,eurusd,115118119durchschnittskurs,eurgbp,087089,durchschnittskurs,eurcad,154156164devisenterminkontrakte,œ,verkäufe,nominalvolumen,mio,•,œ˜2947œ˜401œ˜112durchschnittskurs,eurusd,113118126durchschnittskurs,eurgbp,087088086,durchschnittskurs,eurcad,151,157sicherungsinstrumente,fair,value,hedge,31122019fälligkeit,1˜œ˜6,monate,7˜œ˜12,monate,12,monate,co,2derivate,nominalvolumen,mio˜•,39gesicherter,schnittspreis,•tonne,557sicherungsinstrumente,cash,flow,hedge,31122018fälligkeit,1˜œ˜6,monate,7˜œ˜12,monate,12,monate,devisenterminkontrakte,œ,käufe,nominalvolumen,mio,•,1534135738durchschnittskurs,eurusd,120119durchschnittskurs,eurgbp,090091092durchschnittskurs,eurcad,157158155devisenterminkontrakte,œ,verkäufe,nominalvolumen,mio,•,œ˜1743œ˜339œ˜217durchschnittskurs,eurusd,123128117durchschnittskurs,eurgbp,090091091durchschnittskurs,eurcad,153cash,flow,hedge,absicherung,zinsrisiken,langfristigen,verbindlichkeiten,sowie,währungs,preisrisiken,absatz,beschaffungsgeschäften,eingesetzt,sicherungsinstrumente,dienen,termin,swap,option,geschäfte,devisen,zinsen,sowie,termin,future,swapgeschäfte,commodity,änderungen,beizulegenden,zeitwertes,sicherungsinstrumente,soweit,deren,effektiven,teil,betreffen,lange,other,comprehensive,income,berücksichtigt,grundgeschäft,realisiert,ineffektive,teil,wertänderung,erfolgswirksam,erfasst,absicherung,commodity,basieren,grund,sicherungs,geschäfte,preisindex,hieraus,entsteht,grundsätzlich,ineffektivität,absicherung,fremdwährungsrisiken,ineffektivität,zeitlichen,versatz,158,absicherung,künftiger,zahlungsströme,zinsrisiken,rwe,folgenden,sicherungsinstrumente,gehalten,sicherungsinstrumente,cash,flow,hedge,31122019fälligkeit,1˜œ˜6,monate,7˜œ˜12,monate,12,monate,zinsswaps,nominalvolumen,mio˜£,808gesicherter,schnittszins,155sicherungsinstrumente,cash,flow,hedge,31122018fälligkeit,1˜œ˜6,monate,7˜œ˜12,monate,12,monate,zinsswaps,nominalvolumen,mio˜£,1642gesicherter,schnittszins,156die,kommerzielle,optimierung,kraftwerkportfolios,basiert,dynamischen,sicherungsstrategie,ausgehend,änderun,gen,marktpreise,marktliquidität,absatzgeschäft,endkunden,grund,sicherungsgeschäfte,fortwährend,angepasst,commoditypreise,abgesi,chert,hierdurch,positiver,deckungsbeitrag,erzielt,proprietäre,handel,commodity,bezüglich,risiko,management,hiervon,strikt,getrennt,hedge,nettoinvestitionen,ausländische,teileinheiten,net,investment,hedge,dienen,absicherung,fremdwäh,rungsrisiken,beteiligungen,deren,funktionalwährung,euro,sicherungsinstrumente,setzen,anleihen,verschie,dener,laufzeiten,entsprechenden,währungen,zinswäh,rungsswaps,währungsderivate,ändern,kurse,währungen,sichernden,anleihen,lauten,ändert,beizulegende,zeitwert,sichernden,zinswäh,rungsswaps,währungsumrechnungsdifferenz,other,comprehensive,income,berücksichtigt,absicherung,nettoinvestitionen,ausländische,teileinheiten,rwe,folgenden,sicherungsinstrumente,gehalten,sicherungsinstrumente,net,investment,hedge,31122019,fälligkeit,1˜œ˜6,monate,7˜œ˜12,monate,12,monate,anleihen,devisen,terminkontrakte,œ,verkäufe,nominalvolumen,mio˜•,œ˜1037œ˜349œ˜631durchschnittskurs,euraud,durchschnittskurs,eurgbp,090086063durchschnittskurs,eurusd,sicherungsinstrumente,net,investment,hedge,31122018fälligkeit,1˜œ˜6,monate,7˜œ˜12,monate,12,monate,anleihen,devisen,terminkontrakte,œ,käufe,nominalvolumen,mio˜•,56durchschnittskurs,eurgbp,089anleihen,devisen,terminkontrakte,œ,verkäufe,nominalvolumen,mio˜•,œ˜1576œ˜4370durchschnittskurs,euraud,158durchschnittskurs,eurgbp,089085durchschnittskurs,eurusd,123im,fall,anleihen,sicherungsinstrumente,net,investment,hedge,eingesetzt,wurde,berechnung,durchschnittskurse,wechselkurs,zeitpunkt,designation,sicherungsbeziehung,verwendet,konzernabschluss,anhang159,sicherungsinstrumente,œ,auswirkungen,vermögens,finanz,ertragslage,31122019nominal,wert,buchwertänderung,beizulegenden,zeitwertes,laufenden,periode,erfasste,ine˛ektivität,mio˜•,aktivpassiv,fair,value,hedge,rohsto˛preisrisiken,39,13511cash,flow,hedge,zinsrisiken,93110569fremdwährungsrisiken,296528726rohsto˛preisrisiken,œ˜4125123371046œ˜571net,investment,hedge,fremdwährungsrisiken,32855351,angegebene,nettonominalwert,setzt,zusammen,käufen,höhe,3494,mio,•,verkäufen,höhe,7619,mio,•,sicherungsbeziehungen,designierten,sicherungsinstrumente,folgende,auswirkungen,vermögens,finanz,ertragslage,sicherungsinstrumente,œ,auswirkungen,vermögens,finanz,ertragslage,31122018nominal,wert,buchwertänderung,beizulegenden,zeitwertes,laufenden,periode,erfasste,ine˛ektivität,mio˜•,aktivpassiv,fair,value,hedge,rohsto˛preisrisiken,39146œ˜126cash,flow,hedge,zinsrisiken,164242œ˜26fremdwährungsrisiken,1083963œ˜18œ˜11rohsto˛preisrisiken,4516110568614611net,investment,hedge,fremdwährungsrisiken,œ˜58907407037œ˜31,angegebene,nettonominalwert,setzt,zusammen,käufen,höhe,7904,mio˜•,verkäufen,höhe,3388,mio˜•,160,buchwerte,sicherungsinstrumente,bilanzpositi,onen,—sonstige,forderungen,sonstige,vermögenswerteﬁ,sowie,—übrige,verbindlichkeitenﬁ,ausgewiesen,sicherungsbeziehungen,designierten,grundgeschäfte,folgende,auswirkungen,vermögens,finanz,ertragslage,fair,value,hedge,31122019buchwertdavon,kumulierte,anpassungen,beizulegenden,zeitwertes,änderung,beizulegenden,zeitwertes,berichtsjahres,mio˜•,aktivpassiv,aktivpassiv,rohsto˛preisrisiken,17413511cash,flow,hedge,net,investment,hedge,31122019änderung,beizulegenden,zeitwertes,laufenden,periode,rücklage,laufende,sicherungs,beziehungenrücklage,bereits,beendete,sicherungs,beziehungenin,mio˜•,cash,flow,hedge,zinsrisiken,œ˜94fremdwährungsrisiken,67107rohsto˛preisrisiken,6234574œ˜15net,investment,hedge,fremdwährungsrisiken,551151328fair,value,hedge,31122018buchwertdavon,kumulierte,anpassungen,beizulegenden,zeitwertes,änderung,beizulegenden,zeitwertes,berichtsjahres,mio˜•,aktivpassiv,aktivpassiv,rohsto˛preisrisiken,185146126cash,flow,hedge,net,investment,hedge,31122018änderung,beizulegenden,zeitwertes,laufenden,periode,rücklage,laufende,sicherungs,beziehungenrücklage,bereits,beendete,sicherungs,beziehungenin,mio˜•,cash,flow,hedge,zinsrisiken,26œ˜158fremdwährungsrisiken,613rohsto˛preisrisiken,46115004net,investment,hedge,fremdwährungsrisiken,œ˜191380171konzernabschluss,anhang161,buchwerte,grundgeschäfte,fair,value,hedge,bilanzposition,—sonstige,forderungen,sonstige,vermögenswerteﬁ,ausgewiesen,realisationen,oci,sowie,etwaige,ineffektivi,täten,gewinn,verlustrechnung,innerhalb,positionen,ausgewiesen,denen,grundgeschäfte,ergebniswirksam,erfasst,realisationen,oci,positionen,umsatzerlöse,materialaufwand,ineffektivitäten,sonstigen,betrieblichen,erträgen,aufwendungen,erfasst,realisationen,etwaige,ineffektivitäten,sicherung,zinsrisiken,gewinn,verlustrechnung,innerhalb,positionen,finanzer,träge,finanzaufwendungen,ausgewiesen,überleitung,veränderung,rücklage,sicherungs,beziehungen,bezogen,verschiedenen,risikokategorien,bilanziellen,sicherungsbeziehungen,nachfolgend,dargestellt,rücklage,sicherungsbeziehungen,œ,2019,mio˜•,stand,01012019,3344,cash,flow,hedge,e˛ektiver,teil,marktwertänderungen,332zinsrisiken,œ˜53fremdwährungsrisiken,œ˜223rohsto˛preisrisiken,608aus,oci,gewinn,verlustrechnung,umgegliederter,gewinn,verlust,œ,realisation,grundgeschäfte,136fremdwährungsrisiken,œ˜127rohsto˛risiken,263als,anpassung,anscha˛ungskosten,erfasster,gewinn,verlust,œ˜1267zinsrisiken,38fremdwährungsrisiken,2rohsto˛risiken,œ˜1307steuerlicher,e˛ekt,rücklagenveränderung,434net,investment,hedge,e˛ektiver,teil,marktwertänderungen,95fremdwährungsrisiken,95verrechnung,währungsanpassungen,œ˜95stand,31122019,2979,rücklage,sicherungsbeziehungen,œ,2018,mio,•,stand,01012018,43,cash,flow,hedge,e˛ektiver,teil,marktwertänderungen,5085zinsrisiken,œ˜26fremdwährungsrisiken,12rohsto˛preisrisiken,5099aus,oci,gewinn,verlustrechnung,umgegliederter,gewinn,verlust,œ,realisation,grundgeschäfte,œ˜473rohsto˛risiken,œ˜473als,anpassung,anscha˛ungskosten,erfasster,gewinn,verlust,187zinsrisiken,31fremdwährungsrisiken,œ˜15rohsto˛risiken,171steuerlicher,e˛ekt,rücklagenveränderung,œ˜1498net,investment,hedge,e˛ektiver,teil,marktwertänderungen,57fremdwährungsrisiken,57verrechnung,währungsanpassungen,œ˜57stand,31122018,3344,162,kreditrisiken,finanz,commoditybereich,unterhält,rwe,kreditbeziehungen,vorwiegend,banken,guter,bonität,handelspartnern,überwiegend,guter,bonität,zusätz,lich,unterhält,rwe,rahmen,großprojekten,œ,bau,windparks,œ,kreditbeziehungen,vorwiegend,banken,geschäftspartnern,guter,bonität,rwe,kontrahentenrisiken,vertragsabschluss,geprüft,rwe,begrenzt,risiken,limite,festgelegt,laufe,geschäftsbeziehung,angepasst,sofern,bonität,geschäftspartnern,ändert,kontrahentenrisiken,kontinuier,lich,überwacht,bedarf,frühzeitig,gegenmaßnahmen,eingeleitet,zudem,rwe,kreditrisiken,ausgesetzt,kunden,möglicherweise,zahlungsverpflichtungen,nachkommen,identifizieren,risiken,regelmäßige,analysen,bonität,unserer,kunden,leiten,bedarf,gegenmaßnahmen,kreditrisiken,verringern,verlangt,rwe,u˜a,gewährung,garantien,barsicherheiten,sonstigen,sicherheitsleistun,gen,außerdem,schließt,rwe,kreditversicherungen,zahlungs,ausfälle,ab,sicherheiten,erhaltene,bankgarantien,stammen,finanzinstituten,erforderlichen,guten,rating,bewertet,sicherheiten,kreditversicherungen,versicherern,rating,investmentgradebereich,gestellt,maximale,bilanzielle,ausfallrisiko,ergibt,buchwer,ten,bilanz,angesetzten,finanziellen,vermögenswerte,derivaten,entsprechen,ausfallrisiken,positiven,beizulegen,zeitwerten,risiken,finanziellen,garantien,kreditzusagen,ergeben,ausfall,bestimmten,schuldners,gegenüber,konzernfremden,gläubigern,einstehen,müssen,31,dezember,2019,betrugen,verpflichtungen,174,mio˜•,vorjahr,223,mio˜•,ausfallrisiken,standen,31,dezember,2019,kreditversicherungen,finanzielle,garantien,bankgarantien,sonstige,sicherheitsleistungen,höhe,55,mrd,•,vorjahr,13,mrd˜•,gegenüber,davon,entfallen,11,mrd,•,vorjahr,02,mrd˜•,forderungen,lieferungen,leistungen,11,mrd˜•,vorjahr,03,mrd˜•,derivate,sicherungsbeziehungen,33,mrd˜•,vorjahr,08,mrd˜•,sonstige,derivate,weder,geschäftsjahr,2019,vorjahr,bedeutende,ausfälle,verzeichnen,finanziellen,vermögenswerten,risikovorsorge,rwekonzern,grundlage,erwarteten,kreditverluste,bestimmt,basis,ausfallwahrscheinlichkeit,verlustquote,forderungshöhe,ausfall,bestimmt,ermittlung,ausfallwahrscheinlichkeit,verlust,quote,stützen,historische,daten,zukunftsgerichtete,informationen,forderungshöhe,zeitpunkt,ausfalls,finanzieller,vermögenswerte,bruttobuchwert,bilanz,stichtag,basis,ermittelte,erwartete,kreditverlust,finanzieller,vermögenswerte,entspricht,ursprünglichen,effektivzinssatz,diskontierten,differenz,vertraglich,vereinbarten,rwe,erwarteten,zahlungen,zuordnung,unten,erläuterten,stufen,einfluss,höhe,erwarteten,verluste,erfassenden,effektiven,zinserträge,ł,stufe,1,œ,erwarteter,zwölfmonatskreditverlust,finanzielle,vermögenswerte,zugang,grundsätzlich,stufe,zugeordnet,œ,ausgenommen,bereits,erwerb,ausgabe,wertgemindert,daher,separat,betrachtet,höhe,wertminderung,ergibt,gesamtlaufzeit,finanzinstruments,erwarteten,zahlungsströ,men,multipliziert,wahrscheinlichkeit,ausfalls,innerhalb,zwölf,monaten,bilanzstichtag,bewertung,verwendete,e˛ektivzins,basis,buchwertes,wertminderung,brutto,bestimmt,ł,stufe,2,œ,erwarteter,kreditverlust,gesamtlaufzeit,brutto,ausfallrisiko,zeit,erstansatz,abschlussstichtag,wesentlich,erhöht,˙nanzielle,vermögenswert,stufe,zuzuordnen,schied,stufe,1,ermittlung,wertminderung,ausfallereignisse,berücksichtigt,denen,erwartet,mehr,zwölf,monate,abschlussstichtag,eintreten,bewertung,verwendete,e˛ektivzins,weiterhin,buchwert,wertminderung,brutto,angewendet,ł,stufe,3,œ,erwarteter,kreditverlust,gesamtlaufzeit,netto,sofern,neben,kriterien,stufe,2,objektiver,hinweis,wertminderung,vorliegt,˙nanzielle,vermögenswert,stufe,3,zuzuordnen,wertminderung,analog,stufe,2,berechnet,jedoch,fall,bewertung,verwendete,e˛ektivzins,buchwert,wertminderung,netto,angewendet,rwekonzern,risikovorsorgen,finanzielle,vermögens,werte,folgenden,kategorien,gebildet,ł,fortgeführten,anscha˛ungskosten,bewertete,fremdkapital,instrumente,ł,erfolgsneutral,beizulegenden,zeitwert,bewertete,fremd,kapitalinstrumente,fremdkapitalinstrumenten,wesentlicher,anstieg,kreditrisikos,seit,erstansatz,vorliegt,risikovorsorge,höhe,erwarteten,zwölfmonatskreditverluste,stufe,1,gebildet,zusätzlich,finanzinstrument,stufe,1,wertminde,rungsmodells,zugeordnet,absolute,kreditrisiko,bilanzstichtag,gering,kreditrisiko,gering,eingestuft,interne,externe,rating,schuldners,investment,gradebereich,liegt,forderungen,lieferungen,leistun,gen,entspricht,risikovorsorge,restlaufzeit,erwarteten,kreditverlusten,stufe,2,festzulegen,finanzinstrument,stufe,2,wertmin,derungsmodells,zuzuordnen,bilanzstichtag,bestimmt,kreditrisiko,seit,erstmaligen,erfassung,finanzinstruments,wesentlich,erhöht,beurteilung,ziehen,quantitative,qualitative,informationen,heran,erfahrungen,annahmen,künftige,entwicklungen,konzernabschluss,anhang163,stützen,besondere,bedeutung,dabei,branche,beigemessen,schuldner,rwekonzerns,tätig,erwartungen,stützen,u˜a,studien,daten,finanz,analysten,staatlichen,stellen,besonderes,augenmerk,gilt,dabei,folgenden,entwicklungen,ł,wesentliche,verschlechterung,internen,externen,rating,finanzinstruments,ł,ungünstige,veränderungen,risikoindikatoren,credit,spread,schuldnerbezogenen,credit,default,swap,ł,negative,entwicklungen,regulatorischen,technologischen,wirtschaftlichen,umfeld,schuldners,ł,gefahr,ungünstigen,geschäftsverlaufs,deutlich,verringerten,operativen,erträgen,unabhängig,davon,wesentlicher,anstieg,kreditrisikos,zuordnung,finanzinstruments,stufe,2,angenommen,vertraglich,vereinbarten,zahlungen,mehr,30,tage,überfällig,informationen,vorliegen,annahme,zahlungsausfalls,widerlegen,daten,internen,kreditrisikomanagements,leiten,schlussfolgerungen,möglichen,ausfall,gegenpartei,ab,deuten,interne,externe,informationen,darauf,gegenpartei,verpflichtungen,erfüllen,betreffenden,forderungen,uneinbringlich,eingestuft,stufe,3,wertminderungsmodells,zugeordnet,beispiele,informationen,ł,schuldner,forderung,o˛enkundig,˙nanzielle,schwierigkeiten,ł,schuldner,bereits,vertragsbrüchig,geworden,zahlungen,verspätet,geleistet,ł,kreditnehmer,mussten,bereits,zugeständnisse,gemacht,ł,insolvenz,sonstiges,sanierungsverfahren,droht,ł,markt,˙nanziellen,vermögenswert,mehr,aktiv,ł,verkauf,hohen,abschlag,möglich,verringerte,bonität,schuldners,widerspiegelt,zahlungsausfall,verbundene,zuordnung,finanziellen,vermögenswertes,stufe,3,ebenfalls,angenommen,vertraglich,vereinbarten,zahlungen,mehr,90,tage,überfällig,informationen,vorliegen,annahme,zahlungsausfalls,widerlegen,forderungen,lieferungen,leistungen,gehen,basis,unserer,erfahrungen,i˜d˜r,davon,annahme,einschlä,gig,finanzieller,vermögenswert,abgeschrieben,hinweise,ernsthaften,finanziellen,schwierigkeiten,gegenpartei,vorliegen,besserung,lage,unwahrscheinlich,falle,abschreibung,ergreifen,möglicherweise,rechtliche,sonstige,maßnahmen,vertraglich,vereinbarten,zahlungen,durchzusetzen,folgenden,bilanzposten,ausgewiesenen,finanziel,len,vermögenswerte,anwendungsbereich,ifrs,7,wurden,nachstehenden,wertberichtigungen,vorgenommen,wertberichtigung,˛nanzieller,vermögenswerte,mio˜•,stufe,1,œ,erwarteter,zwölfmonats,kreditverlust,stufe,2,œ,erwarteter,kreditverlust,gesamtlaufzeit,stufe,3,œ,erwarteter,kreditverlust,gesamtlaufzeit,erwerb,ausgabe,wertgemindert,summefinanzforderungen,stand,01012019,2361140neubewertung,aufgrund,geänderter,bewertungsparameter,44neu,erworbeneausgegebene,˙nanzielle,vermögenswerte,213zurückgezahlte,ausgebuchte,˙nanzielle,vermögenswerte,œ˜18œ˜18transfer,stufe,2,stufe,1,œ˜4œ˜4stand,31122019,1131125164,wertberichtigung,˛nanzieller,vermögenswerte,mio˜•,stufe,1,œ,erwarteter,zwölfmonats,kreditverlust,stufe,2,œ,erwarteter,kreditverlust,gesamtlaufzeit,stufe,3,œ,erwarteter,kreditverlust,gesamtlaufzeit,erwerb,ausgabe,wertgemindert,summefinanzforderungen,stand,01012018,5351171140neubewertung,aufgrund,geänderter,bewertungsparameter,112neu,erworbeneausgegebene,˙nanzielle,vermögenswerte,11zurückgezahlte,ausgebuchte,˙nanzielle,vermögenswerte,œ˜1œ˜1änderung,konsolidierungskreises,œ˜10œ˜71œ˜81umbuchungen,œ˜21œ˜21stand,31122018,2361140für,forderungen,lieferungen,leistungen,erwartete,kreditverlust,mithilfe,vereinfachten,ansatzes,berück,sichtigung,gesamtlaufzeit,finanzinstrumente,ermittelt,rwekonzern,existieren,fälle,denen,aufgrund,gehaltenen,sicherheiten,ansatz,risikovorsorge,forderungen,lieferungen,leistungen,unterblieben,folgende,tabelle,zeigt,entwicklung,risikovorsorge,forderungen,lieferungen,leistungen,risikovorsorge,forderungen,lieferungen,leistungen,mio˜•,stand,01012019,27zuführung,9änderungen,konsolidierungskreis,œ˜4stand,31122019,32,risikovorsorge,forderungen,lieferungen,leistungen,mio˜•,stand,01012018,405zuführung,85abgangœ˜81währungsumrechnung,œ˜2änderungen,konsolidierungskreis,œ˜390umbuchungen,10stand,31122018,27,konzernabschluss,anhang165,bruttobuchwerte,˛nanzieller,vermögens,werte,31122019,äquivalent,spskala,stufe,1,œ,erwarteter,zwölf,monats,kreditverlust,stufe,2,œ,erwarteter,kreditverlust,gesamt,laufzeit,stufe,3,œ,erwarteter,kreditverlust,gesamt,laufzeit,forderungen,lieferungen,leistungen,summein,mio˜•,klasse,1˜œ˜5,geringes,risiko,aaa,bbbœ726239326110562klasse,6˜œ˜9,mittleres,risiko,bb,bbœ12111295229klasse,10,erhöhtes,risiko,b,bœ431067120klasse,11,zweifelhaft,ccc,c,66klasse,12,verlust,d1363774265013346510954die,folgende,tabelle,stellt,bruttobuchwerte,finanzinstru,mente,anwendungsbereich,wertminderungsmodells,dar,bruttobuchwerte,˛nanzieller,vermögens,werte,31122018,äquivalent,spskala,stufe,1,œ,erwarteter,zwölf,monats,kreditverlust,stufe,2,œ,erwarteter,kreditverlust,gesamt,laufzeit,stufe,3,œ,erwarteter,kreditverlust,gesamt,laufzeit,forderungen,lieferungen,leistungen,summein,mio˜•,klasse,1˜œ˜5,geringes,risiko,aaa,bbbœ722816118839klasse,6˜œ˜9,mittleres,risiko,bb,bbœ6811297376klasse,10,erhöhtes,risiko,b,bœ5136583klasse,11,zweifelhaft,ccc,c,66klasse,12,verlust,d120217301131219999325166,tilgungszinszahlungen,˛nanzielle,verbindlichkeiten,mio˜•,tilgungszahlungen,zinszahlungen,buchwerte,3112201920202021,2024ab,202520202021,2024ab,2025anleihen111105395714411653verbindlichkeiten,gegenüber,kreditinstituten,135639370894239094leasingverbindlichkeiten,1102832447842489200übrige,finanzverbindlichkeiten,176692132954157164508derivative,˙nanzielle,verbindlichkeiten,1047910092853022264153sicherheitsleistungen,handelsgeschäfte,400400übrige,sonstige,˙nanzielle,verbindlichkeiten,31473143941,inkl,gemäß,ifrs,fremdkapital,klassi˙zierender,hybridanleihen,berücksichtigung,frühestmöglichen,kündigungszeitpunkts,tilgungszinszahlungen,˛nanzielle,verbindlichkeiten,mio˜•,tilgungszahlungen,zinszahlungen,buchwerte,3112201820192020,2023ab,202420192020,2023ab,2024anleihen1110353956410212981verbindlichkeiten,gegenüber,kreditinstituten,5548790413135131leasingverbindlichkeiten,2411039192übrige,finanzverbindlichkeiten,33315513170727428derivative,˙nanzielle,verbindlichkeiten,706066811002822658143sicherheitsleistungen,handelsgeschäfte,533533übrige,sonstige,˙nanzielle,verbindlichkeiten,25532549841,inkl,gemäß,ifrs,fremdkapital,klassi˙zierender,hybridanleihen,berücksichtigung,frühestmöglichen,kündigungszeitpunkts,liquiditätsrisiken,rwekonzerngesellschaften,refinanzieren,i˜d˜r,rwe,ag,dabei,besteht,risiko,liquiditätsreserven,ausreichen,finanziellen,verpflich,tungen,fristgerecht,erfüllen,jahr,2020,verbindlich,keiten,gegenüber,kreditinstituten,höhe,04,mrd˜•,vorjahr,01,mrd˜•,fällig,zusätzlich,kurzfristige,schulden,begleichen,darüber,hinaus,jahr,2020,berücksichtigung,frühestmöglichen,kündigungszeitpunkts,gemäß,ifrs,fremdkapital,klassifizierenden,hybridanleihe,kapitalmarktschul,höhe,05,mrd,•,fällig,vorjahr,08,mrd˜•,31,dezember,2019,belief,bestand,flüssigen,mitteln,kurzfristigen,wertpapieren,6450,mio˜•,vorjahr,7132,mio˜•,kreditlinie,rwe,ag,wurde,april,2019,5,mrd˜•,erhöht,darin,enthaltenen,beiden,tranchen,laufen,april,2021,2,mrd˜•,bzw,april,2024,3,mrd˜•,commercialpaper,programm,rwe,ag,5,mrd,u,vorjahr,5,mrd˜us,bilanzstichtag,0,mrd,•,vorjahr,0,mrd˜•,anspruch,genommen,darüber,hinaus,rwe,ag,höhe,10,mrd˜•,rahmen,debtissuanceprogramms,finanzieren,ausstehenden,anleihen,programm,summierten,rwe,ag,bilanzstichtag,0,mrd˜•,vorjahr,0,mrd˜•,mittelfristige,liquiditätsrisiko,daher,rwe,gering,einzustufen,finanziellen,verbindlichkeiten,anwendungsbereich,ifrs,7,ergeben,nächsten,jahren,voraussichtlich,folgenden,diskontierten,zahlungen,konzernabschluss,anhang167,operating,leasing,mio˜•,nominalwert,31122018fällig,1,jahr,59fällig,1,5,jahren,159fällig,5,jahren,354572,darüber,hinaus,bestanden,31,dezember,2019,finanzielle,garantien,zugunsten,konzernfremder,gläubiger,höhe,insgesamt,121,mio˜•,vorjahr,145,mio˜•,ersten,tilgungsjahr,zuzuordnen,weiteren,konzerngesell,schaften,kreditzusagen,konzernfremde,unternehmen,höhe,53,mio˜•,gegeben,vorjahr,78,mio˜•,jahr,2020,abrufbar,weitere,angaben,risiken,rwekonzerns,sowie,zielen,prozessen,risikomanagements,finden,seite,84,ff,lagebericht,28,eventualschulden,˛nanzielle,verp˝ichtungen,bestellobligo,erteilten,investitionsaufträgen,belief,31,dezember,2019,1989,mio˜•,vorjahr,2396,mio˜•,dabei,handelt,wesentlichen,investitionen,sachanlage,vermögen,vorjahr,betrafen,verpflichtungen,operatingleasing,verhältnissen,überwiegend,pachtverträge,stromerzeugungs,versorgungsanlagen,sowie,miet,leasingverträge,lager,verwaltungsgebäude,mindestleasingzahlungen,folgende,fälligkeitsstruktur,darüber,hinaus,bestehen,langfristige,bezugs,dienstleistungs,verträge,uran,konversion,anreicherung,fertigung,mitgliedschaft,verschiedenen,gesellschaften,u˜a,zusammenhang,kraftwerksobjekten,ergebnisabführungsver,trägen,abdeckung,nuklearen,haftpflichtrisikos,bestehen,ergibt,gesetzliche,bzw,vertragliche,haftung,solidarvereinbarung,rwe,ag,muttergesellschaften,deutschen,kernkraftwerks,betreiber,verpflichtet,erfüllung,deckungsvorsorge,höhe,rund,2244,mio˜•,haftenden,kernkraftwerksbetreiber,nuklearen,schadensfall,finanziell,auszustatten,zahlungsverpflichtungen,nachkommen,vertragsgemäß,beträgt,rwe,ag,entfallende,haftungsanteil,seit,1,januar,2020,30452˜,31,dezember,2019,23259˜,zuzüglich,5˜,schadensabwicklungskosten,rwe,ag,tochtergesellschaften,zusammenhang,geschäftsbetrieb,behördliche,regulatorische,kartellrechtliche,verfahren,gerichtsprozesse,schiedsverfahren,involviert,bzw,deren,ergebnissen,betroffen,mitunter,außergerichtliche,ansprüche,geltend,gemacht,rwe,erwartet,dadurch,jedoch,wesentlichen,negativen,auswirkungen,wirtschaftliche,finanzielle,situation,rwekonzerns,29,segmentberichterstattung,rwe,fünf,segmente,untergliedert,funktionalen,kriterien,voneinander,abgegrenzt,segment,braunkohle,kernenergie,berichten,deutsche,stromerzeugung,energieträgern,braunkohle,kernkraft,gehört,rheinische,braunkohletagebau,segment,europäische,stromerzeugung,umfasst,deutsche,britische,niederländischebelgische,türkische,stromerzeugungsgeschäft,gas,steinkohlekraftwerke,schottische,biomassekraftwerk,markinch,sowie,projektmanagement,ingenieurdienstleistungen,spezialisierte,rwe,technology,international,ergänzt,segment,wasserkraftwerke,deutschland,luxemburg,segment,energiehandel,energie,rohstoffhandel,vermarktung,absicherung,stromposition,rwekon,zerns,sowie,gasmidstreamgeschäft,zusammengefasst,verantwortet,rwe,supply,trading,große,industrie,geschäftskunden,strom,gas,beliefert,segment,fortgeführte,innogyaktivitäten,umfasst,teile,innogy,denen,beherrschung,eon,übergegangen,dabei,handelt,geschäft,erneuerbaren,energien,gasspeicher,innogy,deutschland,tschechien,angesiedelt,beteiligung,österreichischen,energieversorger,kelag,aktivitäten,gebiet,erneuer,baren,energien,beinhalten,neben,stromproduktion,entwicklung,realisierung,projekten,kapazitätsausbau,beschaffung,brennstoffen,insbesondere,erdgas,langfristige,vertragliche,abnahmeverpflichtungen,eingegangen,zahlungsverpflichtungen,wesentlichen,langfristigen,beschaffungsverträgen,beliefen,31,dezember,2019,271,mrd˜•,vorjahr,279,mrd˜•,wovon,03,mrd˜•,innerhalb,jahres,fällig,vorjahr,08,mrd˜•,gasbeschaffung,rwekonzerns,basiert,teilweise,langfristigen,takeorpayverträgen,konditionen,kontrakte,œ,laufzeiten,reichen,einzelfall,2036,œ,gewissen,abständen,vertragspartnern,nachverhandelt,woraus,änderungen,angegebenen,zahlungsverpflichtungen,ergeben,berechnung,beschaffungsver,trägen,resultierenden,zahlungsverpflichtungen,liegen,parameter,internen,planung,zugrunde,weiterhin,rwe,langfristige,finanzielle,verpflichtungen,strombezüge,wesentlichen,bezugsverträgen,resultie,renden,mindestzahlungsverpflichtungen,beliefen,31,dezember,2019,71,mrd˜•,vorjahr,78,mrd˜•,davon,02,mrd˜•,innerhalb,jahres,fällig,vorjahr,08,mrd˜•,168,—sonstige,konsolidierungﬁ,rwe,ag,sowie,konsolidierungseffekte,erfasst,ferner,aktivitäten,gesondert,dargestellter,bereiche,gehören,wesentlichen,minderheitsbeteiligungen,deutschen,stromüber,tragungsnetzbetreiber,amprion,sowie,eon,erzeugungstechnologie,dominieren,wind,wasserkraft,wichtigsten,erzeugungsstandorte,liegen,deutschland,großbritannien,niederlanden,polen,spanien,italien,segment,übernommene,eonaktivitäten,umfasst,wesentlichen,teile,vormaligen,erneuerbareenergiengeschäfts,eon,rwe,18,september,2019,beherrschung,erlangt,beinhaltet,geschäftsfelder,onshore,wind,offshore,wind,sowie,photovoltaik,segmentberichterstattung,unternehmensbereiche,2019,mio˜•,braun,kohle,˜,kernenergie,europä,ische,strom,erzeugung,energie,handelfortgeführte,innogy,aktivitäten,übernom,mene,eon,aktivitäten,sonstige,konsoli,dierungrwe,konzern,außenumsatz,inkl,erdgas,stromsteuer,1018106596491164374713277konzerninnenumsatz,216634833274399˚93221gesamtumsatz,318445482129231563374˚931513277bereinigtes,ebit,12132691443116˚1271267betriebliches,beteiligung,sergebnis,632117413133305betriebliches,ergebnis,atequitybilanzierten,beteiligungen,6220345916132323betriebliche,abschreibungen,3623211139013711222außerplanmäßige,abschreibungen,78577219414112001bereinigtes,ebitda,374453702833253˙1262489buchwerte,atequitybilanzierter,beteiligungen,68139375016386383236investitionen,immaterielle,vermögenswerte,sachanlagen342252111215267320901,davon,konsolidierung,innenumsatz,œ˜9322,mio˜•,2,davon,gesamtumsatz,stromerzeugung,großbritannien,2640,mio˜•,regionen,2019,mio˜•,euübriges,europa,sonstige,rwekonzern,deutschlandgroß,britannien,übrige,eu,außenumsatz,˜1˜248405035236848439813125immaterielle,vermögenswerte,sachanlagen6758984533533950239061,zahlen,erdgasstromsteuer,2,aufteilung,entsprechend,region,leistung,erbracht,wurde,konzernabschluss,anhang169,segmentberichterstattung,unternehmensbereiche,2018,mio˜•,braun,kohle,˜,kernenergie,europä,ische,strom,erzeugung,energie,handelfortgeführte,innogy,aktivitäten,übernom,mene,eon,aktivitäten,sonstige,konsoli,dierungrwe,konzern,außenumsatz,inkl,erdgas,stromsteuer,11449261033511241813547konzerninnenumsatz,234037683434386˚˜99281gesamtumsatz,348446942137691510˚˜991013547bereinigtes,ebit,7737177349˚˜21619betriebliches,beteiligungs,ergebnis,587˚˜446194176betriebliches,ergebnis,atequitybilanzierten,beteiligungen,5865394211betriebliche,abschreibungen,2792976350˚˜13919außerplanmäßige,abschreibungen,1429447bereinigtes,ebitda,356334183699˙˚341538buchwerte,atequitybilanzierter,beteiligungen,6012537405391467investitionen,immaterielle,vermögenswerte,sachanlagen23024513592˚˜110791,davon,konsolidierung,innenumsatz,œ˜9929,mio˜•,innenumsatz,sonstigen,gesellschaften,1,mio˜•,2,davon,gesamtumsatz,stromerzeugung,großbritannien,2213,mio˜•,regionen,2018,mio˜•,euübriges,europa,sonstige,rwekonzern,deutschlandgroßbritannien,übrige,eu,außenumsatz,˜1˜2,3,45494358313098438513406immaterielle,vermögenswerte,sachanlagen588252863004430146021,zahlen,erdgasstromsteuer,2,aufteilung,entsprechend,region,leistung,erbracht,wurde,3,angepasste,vorjahreswerte,170,erläuterungen,segmentdaten,innenumsätze,rwekonzerns,weisen,umsätze,segmenten,konzerninterne,lieferungen,leistungen,gleichen,bedingungen,abgerechnet,externen,kunden,überleitung,ergebnisgrößen,mio˜•,20192018bereinigtes,ebitda,24891538œ,betriebliche,abschreibungen,œ˜1222˚˜919bereinigtes,ebit,1267619,neutrales,ergebnis,œ˜1081˚˜161,finanzergebnis,œ˜938˚˜409ergebnis,fortgeführter,aktivitäten,steuern,œ˜75249das,bereinigte,ebitda,internen,steuerung,verwendet,folgenden,tabelle,überleitung,bereinigten,ebitda,bereinigten,ebit,ergebnis,fortgeführter,aktivitäten,steuern,dargestellt,neutrales,ergebnis,mio˜•,20192018veräußerungsergebnis,48˚˜25ergebnise˛ekte,derivaten,81˚˜146sonstige,œ˜121010neutrales,ergebnis,œ˚1081˙˚161erträge,aufwendungen,betriebswirtschaftlicher,sicht,ungewöhnlich,sondervorgänge,zurückzuführen,erschweren,beurteilung,laufenden,geschäftstätigkeit,neutrale,ergebnis,umgegliedert,dabei,u˜a,veräußerungsergebnisse,abgang,beteiligungen,betriebsnotwendigen,langfristigen,vermögenswerten,abschreibungen,geschäfts,firmenwerte,vollkonsolidierter,unternehmen,sowie,effekte,marktbewertung,bestimmter,derivate,handeln,weitere,ausführungen,neutralen,ergebnis,finden,seite,57,f,lagebericht,außenumsatz,produkten,2019,braunkohle,˜,kernenergie,europäische,strom,erzeugung,energie,handelfortgeführte,innogy,aktivitäten,übernom,mene,eon,aktivitäten,sonstige,konsoli,dierungrwe,konzern,mio˜•,außenumsatz,1,2,1003106295141164374813125davon,strom,282620825986924210272davon,gas,121094501156davon,sonstige,erlöse,721430161245132816971,zahlen,erdgasstromsteuer,2,davon,außenumsätze,basis,kohlebasierter,stromerzeugung,kohlevertrieb,höhe,3054,mio,•,außenumsatz,produkten,2018,braunkohle,˜,kernenergie,europäische,strom,erzeugung,energie,handelfortgeführte,innogy,aktivitäten,übernom,mene,eon,aktivitäten,sonstige,konsoli,dierungrwe,konzern,mio˜•,außenumsatz,1,2,11329251020811241713406davon,strom,3035428478799˚˜110121davon,gas,17148447˚˜11547davon,sonstige,erlöse,8293662462781917381,zahlen,erdgasstromsteuer,2,davon,außenumsätze,basis,kohlebasierter,stromerzeugung,kohlevertrieb,höhe,4196,mio˜•,konzernabschluss,anhang171,30,angaben,kapital˝ussrechnung,kapitalflussrechnung,zahlungsströmen,geschäfts,investitions,finanzierungstätigkeit,gegliedert,betrag,flüssigen,mittel,kapitalflussrechnung,stimmt,bilanz,ausgewiesenen,wert,überein,flüssige,mittel,umfassen,kassenbestände,guthaben,kreditinstituten,kurzfristig,veräußerbare,festverzinsliche,wertpapiere,restlaufzeit,erwerb,drei,monaten,cash,flow,laufender,geschäftstätigkeit,u˜a,enthalten,ł,zinseinnahmen,höhe,184,mio˜•,vorjahr,166,mio˜•,zinsausgaben,höhe,257,mio˜•,vorjahr,176,mio˜•,ł,gezahlte,ertragsteuern,abzüglich,erstattungen,höhe,325,mio˜•,vorjahr,321,mio˜•,ł,zahlungswirksame,e˛ekte,œ,insbesondere,equitybilanzierung,œ,korrigierte,beteiligungsergebnis,höhe,187,mio˜•,vorjahr,107,mio˜•,mittelveränderungen,erwerb,veräußerung,konsolidierter,gesellschaften,gehen,cash,flow,investitionstätigkeit,effekte,wechselkurs,sonstigen,wertänderungen,gesondert,gezeigt,cash,flow,finanzierungstätigkeit,fortgeführter,aktivitäten,ausschüttungen,rweaktionäre,höhe,430,mio˜•,vorjahr,922,mio˜•,ausschüttungen,gesellschafter,höhe,51,mio˜•,vorjahr,43,mio˜•,ausschüttungen,hybridkapitalgeber,höhe,61,mio˜•,vorjahr,60,mio˜•,enthalten,zudem,cash,flow,finanzierungstätigkeit,käufe,höhe,86,mio˜•,vorjahr,2,mio˜•,verkäufe,höhe,0,mio˜•,vorjahr,687,mio˜•,anteilen,tochterunternehmen,sonstigen,geschäfts,einheiten,enthalten,wechsel,beherrschungsstatus,führten,folgenden,tabelle,veränderungen,verbindlichkeiten,finanzierungstätigkeiten,dargestellt,finanzverbind,lichkeitenspiegel,mio˜•,010120191aufnahme,tilgung,änderungen,konsoli,dierungs,kreises,währungs,e˛ekte,marktwert,änderungensonstige,verände,rungen,31122019kurzfristige,finanz,verbindlichkeiten,7879867081œ˜392137œ˜67891810langfristige,finanz,verbindlichkeiten,2330218246817œ˜11093924sonstige,posten,4741,inkl,erstanwendungse˛ekt,ifrs,16,höhe,353,mio,•,finanzverbind,lichkeitenspiegel,mio˜•,01012018aufnahme,tilgung,änderungen,konsoli,dierungs,kreises,davon,veräußerung,bestimmt,ausgewiesenwährungs,e˛ekte,marktwert,änderungensonstige,verände,rungen,31122018kurzfristige,finanz,verbindlichkeiten,2787˚˜196˚˜2845˚˜277932˚˜581046766langfristige,finanz,verbindlichkeiten,14414435˚˜13840˚˜13840419841998sonstige,posten,˚˜1494der,zeile,—sonstige,postenﬁ,angegebene,betrag,enthält,zahlungswirksame,änderungen,finanzderivaten,margin,zahlungen,innerhalb,kapitalflussrechnung,cash,flow,finanzierungstätigkeit,ausgewiesen,flüssigen,mittel,unterliegen,verfügungsbeschränkungen,höhe,51,mio˜•,vorjahr,0,mio˜•,172,31,beziehungen,nahestehenden,unternehmen,personen,rahmen,normalen,geschäftstätigkeit,unterhalten,rwe,ag,tochtergesellschaften,geschäftsbeziehungen,zahlreichen,unternehmen,gehören,assoziierte,unternehmen,gemeinschaftsunternehmen,nahestehende,unternehmen,konzerns,gelten,kategorie,fallen,insbesondere,wesentliche,atequitybilanzierte,beteiligungen,rwekonzerns,abschlussposten,geschäften,assoziierten,unternehmen,gemeinschaftsunternehmen,mio˜•,assoziierte,unternehmen,gemeinschaftsunternehmen,2019201820192018erträge,25818557479aufwendungen,14231934548forderungen,881405964verbindlichkeiten,12319178den,abschlussposten,geschäften,assoziierten,unterneh,men,lagen,wesentlichen,liefer,leistungsbeziehungen,zugrunde,gemeinschaftsunternehmen,gab,neben,betrieb,lichen,liefer,leistungsbeziehungen,finanzielle,verflech,tungen,verzinslichen,ausleihungen,gemeinschaftsunter,nehmen,resultierten,berichtsjahr,erträge,höhe,2,mio˜•,vorjahr,4,mio˜•,forderungen,gegenüber,gemeinschafts,unternehmen,entfielen,bilanzstichtag,55,mio˜•,finanz,forderungen,vorjahr,56,mio˜•,geschäfte,wurden,marktüblichen,bedingungen,abgeschlossen,d˜h,konditionen,geschäfte,unterschieden,grundsätzlich,denen,unternehmen,forderungen,108,mio˜•,vorjahr,165,mio˜•,verbindlichkeiten,10,mio˜•,vorjahr,166,mio˜•,innerhalb,jahres,fällig,sonstigen,verpflichtungen,schwebenden,geschäften,betrugen,99,mio˜•,vorjahr,578,mio˜•,darüber,hinaus,rwekonzern,wesentlichen,geschäfte,nahestehenden,unternehmen,personen,getätigt,geschäftsjahr,2019,neben,mitgliedern,vorstands,aufsichtsrats,rwe,ag,vorstände,aufsichtsräte,innogy,se,18,september,2019,mitglieder,management,schlüsselpositionen,rwekonzern,angesehen,folgenden,angaben,beziehen,gesamtvergütungen,ia,24,management,schlüsselpositionen,vorstände,aufsichts,räte,erhielt,geschäftsjahr,2019,kurzfristige,vergütungs,bestandteile,höhe,16457,tsd˜•,vorjahr,19721,tsd˜•,außerdem,betrugen,aktienbasierten,vergütungen,rahmen,ltip,spp,8386,tsd˜•,vorjahr,7479,tsd˜•,dienstzeit,aufwand,pensionen,554,tsd˜•,vorjahr,536,tsd˜•,verpflich,tungen,gegenüber,management,schlüsselpositionen,insgesamt,25607,tsd˜•,vorjahr,36052,tsd˜•,zurückgestellt,grundzüge,vergütungssystems,höhe,hgb,ermittelten,vergütung,vorstand,aufsichtsrat,rwe,ag,vergütungsbericht,dargestellt,vergütungsbericht,bestandteil,lageberichts,gesamtvergütung,vorstands,betrug,7571,tsd˜•,vorjahr,6880,tsd˜•,hierin,enthalten,aktienbasierte,vergütung,rahmen,ltip,spp,ausgabezeitwert,2350,tsd˜•,123037,rweperformanceshares,vorjahr,wurde,aktienbasierte,vergütung,ausgabezeitwert,2350,tsd˜•,125000,rweperformanceshares,gewährt,bezüge,aufsichtsrats,summierten,inkl,mandats,vergütungen,tochtergesellschaften,geschäftsjahr,2019,3304,tsd˜•,vorjahr,3480,tsd˜•,arbeitnehmervertreter,aufsichtsrat,bestehen,arbeitsverträge,jeweiligen,konzerngesellschaften,auszahlung,vergütungen,erfolgt,entsprechend,dienstvertraglichen,regelungen,berichtsjahr,wurden,kredite,vorschüsse,mitglieder,vorstands,aufsichtsrats,gewährt,ehemalige,mitglieder,vorstands,hinterbliebenen,erhielten,10623,tsd˜•,vorjahr,10802,tsd˜•,davon,651,tsd˜•,vorjahr,940,tsd˜•,tochtergesellschaften,pension,verpflichtungen,defined,benefit,obligation,gegenüber,früheren,mitgliedern,vorstands,hinterbliebenen,beliefen,bilanzstichtag,146568,tsd˜•,vorjahr,146721,tsd˜•,davon,entfielen,6980,tsd˜•,vorjahr,8516tsd˜•,tochter,gesellschaften,angaben,mitgliedern,vorstands,aufsichts,rat,anhang,seite,207,ff,aufgeführt,wesentlichen,assoziierten,unternehmen,gemeinschafts,unternehmen,wurden,geschäfte,getätigt,folgenden,abschlussposten,rwe,führten,konzernabschluss,anhang173,32,honorare,abschlussprüfers,honorare,abschlussprüfungen,beinhalten,entgelte,konzernabschlussprüfung,prüfung,abschlüsse,rwe,ag,tochterunternehmen,sowie,prüferische,durchsicht,zwischenabschlüssen,bestätigungsleistungen,vergütet,wurden,zählen,prüfung,internen,kontrollsystems,aufwendungen,zusammen,hang,gesetzlichen,gerichtlichen,vorgaben,honorare,steuerberatungsleistungen,umfassen,insbesondere,vergütun,gen,beratung,erstellung,steuererklärungen,sonstigen,nationalen,internationalen,steuerangelegenheiten,sowie,prüfung,steuerbescheiden,sonstigen,leistungen,wesentlichen,vergütungen,beratungen,zusammen,hang,maaktivitäten,sowie,itprojekten,enthalten,rwe,dienstleistungen,abschlussprüfer,konzern,abschlusses,pricewaterhousecoopers,gmbh,wirtschaftsprüfungs,gesellschaft,pwc,gesellschaften,internationalen,pwcnetzwerks,erbrachten,folgende,honorare,aufwand,erfasst,honorare,pwcnetzwerks,mio˜•,20192018gesamt,davon,deutschlandgesamt,davon,deutschlandabschlussprüfungsleistungen,175129177110andere,bestätigungsleistungen,25235147steuerberatungsleistungen,09030706sonstige,leistungen,5856381826721127318133,nutzung,befreiungsvorschrift,gemäß,§,264,ab,3,hgb,bzw,§,264b,hgb,folgenden,inländischen,tochtergesellschaften,geschäftsjahr,2019,teilen,befreiungsvorschrift,gemäß,§,264,ab,3,hgb,bzw,§,264b,hgb,gebrauch,gemacht,ł,bge,beteiligungsgesellschaft,energieunternehmen,mbh,essenł,gbv,vierunddreißigste,gesellschaft,beteiligungsverwaltung,mbh,essen,ł,gbv,zweiunddreißigste,gesellschaft,beteiligungsverwaltung,mbh,essen,ł,kernkraftwerk,lingen,gesellschaft,beschränkter,haftung,lingen,em,ł,kmg,kernbrennsto˛management,gesellschaft,beschränkter,haftung,essen,ł,rheinbraun,brennsto˛,gmbh,köln,ł,rheinische,bausto˛werke,gmbh,bergheim,ł,rv,rheinbraun,handel,dienstleistungen,gmbh,köln,ł,rwe,nuclear,beteiligungsgmbh,essen,ł,rwe,renewables,gmbh,essen,ł,rwe,technology,international,gmbh,essen,ł,rwe,trading,service,gmbh,essen,34,ereignisse,bilanzstichtag,zeitraum,1,januar,2020,aufstellung,konzern,abschlusses,27,februar,2020,folgende,wesentliche,ereignisse,eingetreten,erwerb,kraftwerks,king,lynn,12,februar,2020,wurde,übernahme,100˜,anteile,centrica,kl,limited,ckll,windsor,großbritannien,britischen,energiegesellschaft,gb,gas,holding,limited,tochtergesellschaft,centrica,plc,windsor,großbritannien,ende,dezember,2019,vereinbart,wurde,abgeschlossen,anlage,gasunddampfkombinationskraftwerk,gud,king™s,lynn,norfolk,großbritannien,kraftwerk,kapazität,382,megawatt,2035,sichere,stabile,kapazitätsprämien,basis,15jährigen,vertrages,laufzeit,ab,oktober,2020,britischen,kapazitäts,markt,erhalten,vorläufige,kaufpreis,beläuft,28,mio˜£,berück,sichtigung,abgelöster,gesellschafterdarlehen,höhe,73,mio˜£,finale,kaufpreis,unterliegt,möglichen,anpas,sungen,abhängigkeit,nettoschulden,nettoumlauf,vermögens,abschlussstichtag,derzeit,schlussbilanz,stichtag,finalisiert,schlussbilanz,ckll,aufstellung,rwe,konzern,abschlusses,final,vorlag,weder,angaben,beizulegenden,zeitwerten,übernommenen,vermögenswerte,œ,inkl,erworbener,forderungen,schulden,angaben,faktoren,ggf,geschäfts,firmenwert,ausmachen,bzw,ggf,erforderlichen,angaben,erwerb,preis,marktwert,gemacht,174,35,erklärung,gemäß,§˚161,aktg,rwe,ag,§˜161,aktg,geschriebene,erklärung,deutschen,corporate,governance,kodex,abgegeben,aktionären,internetseite,rwe,ag,1,dauerhaft,öffentlich,zugänglich,gemacht,worden,essen,27,februar,2020,vorstand,schmitz,krebber,1,wwwrwecomentsprechenserklaerung2019,konzernabschluss,anhang175,37,aufstellung,anteilsbesitzes,teil,anhangs,aufstellung,anteilsbesitzes,gemäß,§˜285,nr,11,nr,11a,§˜313,ab,2,i˜v˜m,§˜315,e,i,hgb,31122019,i,verbundene,unternehmen,konzernabschluss,einbezogen,beteiligungsanteil,in˜,eigenkapital,ergebnis,direkt,insgesamt,tsd,•,tsd,•,aktivabedrijf,wind,nederland,bv,zwolleniederlande,1002564523154alte,haase,bergwerksverwaltungsgesellschaft,mbh,dortmund,100œ˜67329œ˜3664amrumo˚shore,west,gmbh,düsseldorf,100126149501an,suidhe,wind,farm,limited,swindongroßbritannien,100242901202anacacho,holdco,llc,wilmingtonusa,100564880anacacho,wind,farm,llc,wilmingtonusa,100134952œ˜5062andromeda,wind,srl,bozenitalien,5195792876belectric,australia,pty,limited,melbourneaustralien,1005081872belectric,canada,solar,inc,vancouverkanada,100œ˜978œ˜964belectric,chile,energia,fotovoltaica,ltda,santiago,de,chilechile,100œ˜851œ˜5747belectric,espana,fotovoltaica,sl,barcelonaspanien,100554œ˜199belectric,france,sàrl,vendresfrankreich,100œ˜5710œ˜5129belectric,gmbh,kolitzheim,10012467œ˜4442belectric,inversiones,latinoamericana,sl,barcelonaspanien,10028œ˜18belectric,israel,ltd,be™er,schevaisrael,10012329537belectric,italia,srl,latinaitalien,1003299409belectric,photovoltaic,india,private,limited,mumbaiindien,100727œ˜2980belectric,pv,dach,gmbh,sömmerda,1001177201belectric,solar˜˜battery,gmbh,kolitzheim,10012461œ˜3064belectric,solar,ltd,sloughgroßbritannien,1001734394belectric,solar,power,sl,barcelonaspanien,100500bge,beteiligungsgesellschaft,energieunternehmen,mbh,essen,10010043179381bilbster,wind,farm,limited,swindongroßbritannien,1003846352boiling,spring,wind,farm,llc,wilmingtonusa,100œ˜60œ˜60bruenning™s,breeze,holdco,llc,wilmingtonusa,100750110bruenning™s,breeze,wind,farm,llc,wilmingtonusa,100238456œ˜5287carl,scholl,gmbh,köln,10058145carnedd,wen,wind,farm,limited,swindongroßbritannien,100œ˜4340œ˜318cassadaga,wind,llc,chicagousa,10066403œ˜296champion,wf,holdco,llc,wilmingtonusa,100114010œ˜5254champion,wind,farm,llc,wilmingtonusa,100114010œ˜5258cloghaneleskirt,energy,supply,limited,kilkennyirland,1007676colbeck™s,corner,holdco,llc,wilmingtonusa,100732390colbeck™s,corner,llc,wilmingtonusa,100243854œ˜7489cranell,holdco,llc,wilmingtonusa,100293630cranell,wind,farm,llc,wilmingtonusa,10029298œ˜64dotto,morcone,srl,romitalien,100œ˜1161œ˜1617dromadda,beg,wind,farm,limited,kilkennyirland,100151594edgware,energy,limited,swindongroßbritannien,100œ˜7œ˜71,ergebnisabführungsvertrag,2,daten,konzernabschluss,3,neu,jahresabschluss,verfügbar,4,beherrschung,gesellschaftsvertragliche,vereinbarung,5,beherrschung,aufgrund,gesellschaftsvertraglicher,vereinbarung,6,maßgeblicher,ein˛uss,mittelbare,beteiligungen,7,maßgeblicher,ein˛uss,aufgrund,gesellschaftsvertraglicher,vereinbarung,8,ergebnisabführungsvertrag,konzernfremden,176,i,verbundene,unternehmen,konzernabschluss,einbezogen,beteiligungsanteil,in˜,eigenkapital,ergebnis,direkt,insgesamt,tsd,•,tsd,•,electra,insurance,limited,hamiltonbermudas,10029823687energies,france,sa,œ,gruppe,œ,vorkonsolidiert,3320618782,centrale,hydroelectrique,d™oussiat,sa,parisfrankreich,100,energy,charentus,sa,parisfrankreich,100,energy,france,sa,parisfrankreich,100,energy,maintenance,sa,parisfrankreich,100,energy,saint,remy,sa,parisfrankreich,100,energy,var,1,sa,parisfrankreich,100,energy,var,3,sa,parisfrankreich,100,sa,île,de,france,sa,parisfrankreich,100energy,resource,holding,bv,™shertogenboschniederlande,10096292œ˜20770energy,resource,venture,bv,™shertogenboschniederlande,10018776œ˜5191eon,energie,odnawialne,sp,z,oo,szczecinpolen,1006191729764farma,wiatrowa,barzowice,sp,z,oo,warschaupolen,100167277464forest,creek,investco,inc,wilmingtonusa,1001090forest,creek,wf,holdco,llc,wilmingtonusa,10088869œ˜3728forest,creek,wind,farm,llc,wilmingtonusa,10088869œ˜3728friel,anzi,holding,srl,bozenitalien,5173541743friel,anzi,srl,bozenitalien,10076291776friel,guardionara,srl,bozenitalien,51103342344gbv,vierunddreißigste,gesellschaft,beteiligungsverwaltung,mbh,essen,100100179237465268288gbv,zweiunddreißigste,gesellschaft,beteiligungsverwaltung,mbh,essen,100100251generación,fotovoltaica,de,alarcos,slu,barcelonaspanien,100œ˜20œ˜42georgia,biomass,holding,llc,savannahusa,1006292218351georgia,biomass,llc,savannahusa,1004607214266gfv,gesellschaft,vermögensverwaltung,mbh,dortmund,1001001352816817glen,kyllachy,wind,farm,limited,swindongroßbritannien,100œ˜4198œ˜4078grandview,holdco,llc,wilmingtonusa,1001032972260green,gecco,gmbh˜˜co,kg,essen,51803213795hardin,class,b,holding,llc,wilmingtonusa,1001049690hardin,wind,holding,llc,wilmingtonusa,100104933œ˜3hardin,wind,llc,chicagousa,100422500harryburn,wind,farm,limited,swindongroßbritannien,100œ˜2391œ˜464inadale,wind,farm,llc,wilmingtonusa,100121398œ˜3842innogy,bergheim,windparkbetriebsgesellschaft,mbh,hannover,100251innogy,brise,windparkbetriebsgesellschaft,mbh,hannover,1002261innogy,energy,marketing,llc,wilmingtonusa,100œ˜42733œ˜42885innogy,evendorf,windparkbetriebsgesellschaft,mbh,hannover,100251innogy,gas,storage,nwe,gmbh,dortmund,10031757281,ergebnisabführungsvertrag,2,daten,konzernabschluss,3,neu,jahresabschluss,verfügbar,4,beherrschung,gesellschaftsvertragliche,vereinbarung,5,beherrschung,aufgrund,gesellschaftsvertraglicher,vereinbarung,6,maßgeblicher,ein˛uss,mittelbare,beteiligungen,7,maßgeblicher,ein˛uss,aufgrund,gesellschaftsvertraglicher,vereinbarung,8,ergebnisabführungsvertrag,konzernfremden,konzernabschluss,aufstellung,anteilsbesitzes,teil,anhangs,177,i,verbundene,unternehmen,konzernabschluss,einbezogen,beteiligungsanteil,in˜,eigenkapital,ergebnis,direkt,insgesamt,tsd,•,tsd,•,innogy,gas,storage,sro,pragtschechien,10054088111337innogy,gym,2,limited,swindongroßbritannien,100œ˜13399œ˜552innogy,gym,3,limited,swindongroßbritannien,100œ˜13401œ˜554innogy,gym,4,limited,swindongroßbritannien,100œ˜40229œ˜1662innogy,hörup,windparkbetriebsgesellschaft,mbh,hörup,100261innogy,indeland,windpark,eschweiler,gmbh˜˜co,kg,eschweiler,51535813159innogy,italia,spa,mailanditalien,100167661507innogy,kaskasi,gmbh,hamburg,100991innogy,lengerich,windparkbetriebsgesellschaft,mbh,gersten,100251innogy,limondale,sun,farm,holding,pty,ltd,melbourneaustralien,10040071œ˜582innogy,lüneburger,heide,windparkbetriebsgesellschaft,mbh,walsrode,100251innogy,mistral,windparkbetriebsgesellschaft,mbh,hannover,1005781innogy,o˚shore,wind,netherlands,bv,™shertogenboschniederlande,100621œ˜396innogy,renewables,australia,pty,ltd,melbourneaustralien,100œ˜16œ˜16innogy,renewables,benelux,bv,™shertogenboschniederlande,100œ˜7162154655innogy,renewables,beteiligungs,gmbh,dortmund,10073501innogy,renewables,canada,inc,vancouverkanada,1001485œ˜1060innogy,renewables,ireland,limited,kilkennyirland,100œ˜3237œ˜2281innogy,renewables,polska,sp,z,oo,warschaupolen,10024587838464innogy,renewables,uk,holding,limited,swindongroßbritannien,1001842861328572innogy,renewables,uk,limited,swindongroßbritannien,1002373332712184innogy,renewables,u,llc,chicagousa,100197193œ˜11792innogy,seabreeze,ii,gmbh˜˜co,kg,essen,1002550œ˜47591innogy,slovensko,sro,bratislavaslowakei,100945210061innogy,sommerland,windparkbetriebsgesellschaft,mbh,sommerland,100261innogy,spain,sau,œ,gruppe,œ,vorkonsolidiert,153356206082,danta,de,energías,sa,soriaspanien,99,explotaciones,eólicas,de,aldehuelas,sl,soriaspanien,95,general,de,mantenimiento,21,slu,barcelonaspanien,100,hidroeléctrica,del,trasvase,sa,barcelonaspanien,60,innogy,spain,sau,barcelonaspanien,100innogy,süderdeich,windparkbetriebsgesellschaft,mbh,süderdeich,1001061innogy,titz,windparkbetriebsgesellschaft,mbh,essen,100251innogy,wind,onshore,deutschland,gmbh,hannover,100773731innogy,windpark,bedburg,gmbh˜˜co,kg,bedburg,51814585845innogy,windpower,netherlands,bv,™shertogenboschniederlande,1001158171067inversiones,belectric,chile,ltda,santiago,de,chilechile,100œ˜39œ˜31,ergebnisabführungsvertrag,2,daten,konzernabschluss,3,neu,jahresabschluss,verfügbar,4,beherrschung,gesellschaftsvertragliche,vereinbarung,5,beherrschung,aufgrund,gesellschaftsvertraglicher,vereinbarung,6,maßgeblicher,ein˛uss,mittelbare,beteiligungen,7,maßgeblicher,ein˛uss,aufgrund,gesellschaftsvertraglicher,vereinbarung,8,ergebnisabführungsvertrag,konzernfremden,178,i,verbundene,unternehmen,konzernabschluss,einbezogen,beteiligungsanteil,in˜,eigenkapital,ergebnis,direkt,insgesamt,tsd,•,tsd,•,investerg,œ,investimentos,em,energias,sgps,lda,œ,gruppe,œ,vorkonsolidiert,2117425802,investerg,œ,investimentos,em,energias,sociedade,gestora,de,participações,sociais,lda,são,joão,do,estorilportugal,100,lusiterg,œ,gestão,e,produção,energética,lda,são,joão,do,estoril,portugal,74irus,solar,development,llc,doverusa,100œ˜165œ˜165irus,solar,holding,llc,doverusa,10022385œ˜270irus,solar,nc,lessee,llc,wilmingtonusa,10014165œ33irus,solar,nc,pledgor,llc,wilmingtonusa,100141980irus,solar,operation,llc,wilmingtonusa,10013361œ˜839irus,wind,development,llc,doverusa,10065602œ˜1210irus,wind,holding,llc,doverusa,1001987980irus,wind,operation,llc,wilmingtonusa,1001049690jurchen,technology,gmbh,kitzingen,1002035œ˜397jurchen,technology,india,private,limited,mumbaiindien,1001158œ˜62kernkraftwerk,gundremmingen,gmbh,gundremmingen,100967368343kernkraftwerk,lingen,gesellschaft,beschränkter,haftung,lingen,em,100200341kernkraftwerke,lippeems,gesellschaft,beschränkter,haftung,lingen,em,1004322691kernkraftwerksbeteiligung,lippeems,beschränkt,haftende,ohg,lingenems,10014443335516kmg,kernbrennsto˚management,gesellschaft,beschränkter,haftung,essen,1006962251knabs,ridge,wind,farm,limited,swindongroßbritannien,100113911378limondale,sun,farm,pty,ltd,melbourneaustralien,100œ˜172œ˜171little,cheyne,court,wind,farm,limited,swindongroßbritannien,59393749669mifonds,g50,frankfurt,main,100100194095984296ml,wind,llp,swindongroßbritannien,51755499501munnsville,investco,llc,wilmingtonusa,100143090munnsville,wf,holdco,llc,wilmingtonusa,10038797œ˜1378munnsville,wind,farm,llc,wilmingtonusa,10038797œ˜1378nordsee,windpark,beteiligungs,gmbh,essen,902140813321nrw,pellet,gmbh,erndtebrück,1003121padcon,gmbh,kitzingen,1002574365panther,creek,holdco,llc,wilmingtonusa,1002413640panther,creek,wind,farm,i˜˜ii,llc,wilmingtonusa,100259732œ˜8837panther,creek,wind,farm,three,llc,wilmingtonusa,100147251510peyton,creek,holdco,llc,wilmingtonusa,100164980peyton,creek,wind,farm,llc,wilmingtonusa,10015865œ˜635piecki,sp,z,oo,warschaupolen,511963527991,ergebnisabführungsvertrag,2,daten,konzernabschluss,3,neu,jahresabschluss,verfügbar,4,beherrschung,gesellschaftsvertragliche,vereinbarung,5,beherrschung,aufgrund,gesellschaftsvertraglicher,vereinbarung,6,maßgeblicher,ein˛uss,mittelbare,beteiligungen,7,maßgeblicher,ein˛uss,aufgrund,gesellschaftsvertraglicher,vereinbarung,8,ergebnisabführungsvertrag,konzernfremden,konzernabschluss,aufstellung,anteilsbesitzes,teil,anhangs,179,i,verbundene,unternehmen,konzernabschluss,einbezogen,beteiligungsanteil,in˜,eigenkapital,ergebnis,direkt,insgesamt,tsd,•,tsd,•,pioneer,trail,wind,farm,llc,wilmingtonusa,100167466œ˜2390primus,projekt,gmbh˜˜co,kg,hannover,100œ˜1388œ˜734pyron,wind,farm,llc,wilmingtonusa,100203648œ˜1558radford™s,run,holdco,llc,wilmingtonusa,1001590200radford™s,run,wind,farm,llc,wilmingtonusa,10043207712818raymond,holdco,llc,wilmingtonusa,100355140raymond,wind,farm,llc,wilmingtonusa,100355140rheinbraun,brennsto˚,gmbh,köln,100826191rheinische,bausto˚werke,gmbh,bergheim,10092361rheinkraftwerk,albbruckdogern,aktiengesellschaft,waldshuttiengen,77318171757rhenas,insurance,limited,sliemamalta,10010059176300rhyl,flat,wind,farm,limited,swindongroßbritannien,5015251216393roscoe,wf,holdco,llc,wilmingtonusa,100172832œ˜10392roscoe,wind,farm,llc,wilmingtonusa,100172832œ˜10419rv,rheinbraun,handel,dienstleistungen,gmbh,köln,100366941rwe˜˜turcas,güney,elektrik,üretim,a,ankaratürkei,70190537œ˜11278rwe,aktiengesellschaft,essen,5736616513498rwe,canada,ltd,saint,johnkanada,100786160rwe,czech,gas,grid,holding,bv,geertruidenbergniederlande,10010015261526rwe,eemshaven,holding,ii,bv,geertruidenbergniederlande,100œ˜483969487rwe,energy,service,llc,wilmingtonusa,10031081683rwe,generation,nl,bv,arnhemniederlande,100œ20424œ˜187664rwe,generation,nl,corner,participation,bv,geertruidenberg,niederlande,100482703029rwe,generation,nl,participation,bv,arnhemniederlande,100œ˜108692121rwe,generation,nl,personeel,bv,arnhemniederlande,10012464639rwe,generation,se,essen,1001002646731rwe,generation,uk,holding,limited,swindongroßbritannien,1003024201œ˜173543rwe,generation,uk,plc,swindongroßbritannien,1001779495œ˜108464rwe,investco,epc,mgmt,llc,wilmingtonusa,10023404724rwe,investco,mgmt,llc,wilmingtonusa,100158671769rwe,investco,mgmt,ii,llc,wilmingtonusa,100579256œ˜6778rwe,magicat,holdco,llc,wilmingtonusa,100915550rwe,markinch,limited,swindongroßbritannien,10049408œ˜5402rwe,nuclear,beteiligungsgmbh,essen,100251rwe,nuclear,gmbh,essen,1001001000001rwe,personeel,bv,arnhemniederlande,100œ˜1723rwe,power,aktiengesellschaft,köln,essen,10010020372091rwe,renewables,america,llc,wilmingtonusa,100263978œ˜1568821,ergebnisabführungsvertrag,2,daten,konzernabschluss,3,neu,jahresabschluss,verfügbar,4,beherrschung,gesellschaftsvertragliche,vereinbarung,5,beherrschung,aufgrund,gesellschaftsvertraglicher,vereinbarung,6,maßgeblicher,ein˛uss,mittelbare,beteiligungen,7,maßgeblicher,ein˛uss,aufgrund,gesellschaftsvertraglicher,vereinbarung,8,ergebnisabführungsvertrag,konzernfremden,180,i,verbundene,unternehmen,konzernabschluss,einbezogen,beteiligungsanteil,in˜,eigenkapital,ergebnis,direkt,insgesamt,tsd,•,tsd,•,rwe,renewables,asset,management,llc,wilmingtonusa,100œ˜2506632107rwe,renewables,canada,ltd,saint,johnkanada,10082991877rwe,renewables,development,llc,wilmingtonusa,10057181œ˜11440rwe,renewables,energy,marketing,llc,wilmingtonusa,100œ˜56319œ˜31364rwe,renewables,gmbh,essen,100251rwe,renewables,international,gmbh,essen,10018024918rwe,renewables,international,participation,bv,geertruidenberg,niederlande,100œ˜111318œ˜28518rwe,renewables,italia,srl,romitalien,10046378919292rwe,renewables,o˜˜m,llc,wilmingtonusa,10065599375rwe,renewables,qse,llc,wilmingtonusa,100œ˜9898478rwe,renewables,service,llc,wilmingtonusa,100œ˜46542œ˜48922rwe,renewables,sweden,ab,malmöschweden,100433921899rwe,renewables,uk,blyth,limited,coventrygroßbritannien,100œ˜4557œ˜708rwe,renewables,uk,development,limited,coventrygroßbritannien,1005627417103rwe,renewables,uk,humber,wind,limited,coventrygroßbritannien,10011660545449rwe,renewables,uk,limited,coventrygroßbritannien,1006483916403rwe,renewables,uk,london,array,limited,coventrygroßbritannien,10010157124297rwe,renewables,uk,o˚shore,wind,limited,coventrygroßbritannien,100519716797rwe,renewables,uk,operation,limited,coventrygroßbritannien,100338426770rwe,renewables,uk,robin,rigg,east,limited,coventrygroßbritannien,1005516014570rwe,renewables,uk,robin,rigg,west,limited,coventrygroßbritannien,1006095510495rwe,renewables,uk,wind,limited,coventrygroßbritannien,1001605115058rwe,renewables,uk,zone,six,limited,coventrygroßbritannien,10000rwe,slovak,holding,bv,geertruidenbergniederlande,100100704083œ˜317rwe,solar,development,llc,wilmingtonusa,100œ˜31891œ˜9735rwe,solar,pv,llc,wilmingtonusa,10036139œ˜7435rwest,middle,east,holding,bv,™shertogenboschniederlande,1006465œ˜79rwe,supply˜˜trading,asiapaci˝c,pte,ltd,singapursingapur,1004160710726rwe,supply˜˜trading,cz,a,pragtschechien,100120852364941rwe,supply˜˜trading,gmbh,essen,1001004467781rwe,supply˜˜trading,india,private,limited,mumbaiindien,100801165rwe,supply˜˜trading,participation,limited,londongroßbritannien,10013255œ˜2876rwe,supply,and,trading,shanghai,co,ltd,shanghaichina,1002624œ˜267rwe,technology,international,gmbh,essen,100124631rwe,technology,tasarim,ve,mühendislik,danismanlik,ticaret,limited,sirketi,istanbultürkei,100192113rwe,technology,uk,limited,swindongroßbritannien,10029481006rwe,trading,america,inc,new,york,cityusa,1009558471,ergebnisabführungsvertrag,2,daten,konzernabschluss,3,neu,jahresabschluss,verfügbar,4,beherrschung,gesellschaftsvertragliche,vereinbarung,5,beherrschung,aufgrund,gesellschaftsvertraglicher,vereinbarung,6,maßgeblicher,ein˛uss,mittelbare,beteiligungen,7,maßgeblicher,ein˛uss,aufgrund,gesellschaftsvertraglicher,vereinbarung,8,ergebnisabführungsvertrag,konzernfremden,konzernabschluss,aufstellung,anteilsbesitzes,teil,anhangs,181,i,verbundene,unternehmen,konzernabschluss,einbezogen,beteiligungsanteil,in˜,eigenkapital,ergebnis,direkt,insgesamt,tsd,•,tsd,•,rwe,trading,service,gmbh,essen,10057351rwe,wind,karehamn,ab,malmöschweden,10033150œ˜177rwe,wind,service,denmark,a,rødbydänemark,10054002758sand,blu˚,wf,holdco,llc,wilmingtonusa,1006823œ˜13390sand,blu˚,wind,farm,llc,wilmingtonusa,1006823œ˜13390settlers,trail,wind,farm,llc,wilmingtonusa,100193435œ˜8844so˝a,o˚shore,wind,farm,holding,limited,swindongroßbritannien,10000so˝a,o˚shore,wind,farm,limited,swindongroßbritannien,100œ˜394œ˜383solarengo,energia,unipessoal,lda,cascaisportugal,100œ˜81œ˜81solar,holding,india,gmbh,kolitzheim,1005925œ˜50solar,holding,poland,gmbh,kolitzheim,10016œ˜3srs,ecotherm,gmbh,salzbergen,90137581706stella,holdco,llc,wilmingtonusa,100975370stella,wind,farm,llc,wilmingtonusa,100235593œ˜169taber,solar,1,inc,vancouverkanada,1009521œ˜69taber,solar,2,inc,vancouverkanada,10010210œ˜64tamworth,holding,llc,charlotteusa,100774377tanager,holding,llc,charlotteusa,1007129œ˜1tech,park,solar,llc,wilmingtonusa,100œ˜11511767the,holly,wind,farm,limited,swindongroßbritannien,10060468transpower,limited,dublinirland,1003528œ˜1048triton,knoll,holdco,limited,swindongroßbritannien,59974840triton,knoll,o˚shore,wind,farm,limited,swindongroßbritannien,100œ˜254601852valencia,solar,llc,tucsonusa,100œ˜19810565východoslovenská,distribucná,a,koıiceslowakei,10029046330641východoslovenská,energetika,a,koıiceslowakei,100678568641východoslovenská,energetika,holding,a,koıiceslowakei,49608317778774west,of,the,pecos,solar,llc,wilmingtonusa,10091352œ˜3049west,raymond,holdco,llc,wilmingtonusa,100330540west,raymond,wind,farm,llc,wilmingtonusa,100330540wind,farm,deliceto,srl,bozenitalien,100244031909windpark,eekerpolder,bv,™shertogenboschniederlande,100œ˜2œ˜2windpark,kattenberg,bv,™shertogenboschniederlande,100520153windpark,nordsee,ost,gmbh,helgoland,1002561windpark,oostpolderdijk,bv,™shertogenboschniederlande,10000windpark,zuidwester,bv,™shertogenboschniederlande,1009336œ˜593wkn,windkraft,nord,gmbh˜˜co,windpark,wönkhausen,kg,hannover,10020166491,ergebnisabführungsvertrag,2,daten,konzernabschluss,3,neu,jahresabschluss,verfügbar,4,beherrschung,gesellschaftsvertragliche,vereinbarung,5,beherrschung,aufgrund,gesellschaftsvertraglicher,vereinbarung,6,maßgeblicher,ein˛uss,mittelbare,beteiligungen,7,maßgeblicher,ein˛uss,aufgrund,gesellschaftsvertraglicher,vereinbarung,8,ergebnisabführungsvertrag,konzernfremden,182,ii,verbundene,unternehmen,wegen,untergeordneter,bedeutung,vermögens,finanz,ertragslage,konzerns,konzernabschluss,einbezogen,beteiligungsanteil,eigenkapital,ergebnis,direkt,insgesamt,tsd,•,tsd,•,adensis,gmbh,dresden,10038159agenzia,carboni,srl,genuaitalien,10019124alcamo,ii,srl,mailanditalien,1006œ˜13alvarado,solar,sl,barcelonaspanien,100œ˜84œ˜138ashwood,solar,i,llc,wilmingtonusa,10000aurum,solaris,4,gmbh,co,kg,kassel,1001œ˜12avolta,storage,limited,kilkennyirland,100œ˜292œ˜288awel,y,môr,o˚shore,wind,farm,limited,swindongroßbritannien,1003baltic,trade,and,invest,sp,z,oo,slupskpolen,10010913œ˜4926baron,wind,llc,chicagousa,10000belectric,international,gmbh,kolitzheim,1009910belectric,jv,gmbh,kolitzheim,10014œ˜5belectric,mexico,fotovoltaica,sde,rl,de,cv,bosques,de,la,lomas,mexiko,100œ˜5356belectric,polska,sp,z,oo,warschaupolen,100œ˜146œ˜44belectric,pv,5,sarl,vendresfrankreich,100œ˜11œ˜10belectric,pv,10,sarl,vendresfrankreich,100œ˜8œ˜2belectric,sp,solarprojekte,14,gmbh,co,kg,sömmerda,1003belectric,sp,solarprojekte,14,verwaltungsgmbh,sömmerda,1003belectric,sp,solarprojekte,15,gmbh,co,kg,sömmerda,1003belectric,sp,solarprojekte,15,verwaltungsgmbh,sömmerda,1003belectric,sp,solarprojekte,16,gmbh,co,kg,sömmerda,1003belectric,sp,solarprojekte,16,verwaltungsgmbh,sömmerda,1003belectric,u,llc,wilmingtonusa,1003biomasseheizkraftwerk,schameder,gmbh,essen,10023œ˜1blackbeard,solar,llc,wilmingtonusa,10000blackbriar,battery,llc,wilmingtonusa,10000blackjack,creek,wind,farm,llc,wilmingtonusa,10000blueberry,hill,llc,chicagousa,10000bo,baltic,o˚shore,gmbh,hamburg,9813œ˜7boiling,spring,holdco,llc,wilmingtonusa,10000bowler,flat,energy,hub,llc,chicagousa,10000brahman,solar,llc,wilmingtonusa,10000broken,spoke,solar,llc,wilmingtonusa,10000buckeye,wind,llc,chicagousa,10000burgar,hill,wind,farm,limited,swindongroßbritannien,10000bursjöliden,vind,ab,malmöschweden,100561œ˜2camellia,solar,llc,wilmingtonusa,10000camellia,solar,member,llc,wilmingtonusa,100001,ergebnisabführungsvertrag,2,daten,konzernabschluss,3,neu,jahresabschluss,verfügbar,4,beherrschung,gesellschaftsvertragliche,vereinbarung,5,beherrschung,aufgrund,gesellschaftsvertraglicher,vereinbarung,6,maßgeblicher,ein˛uss,mittelbare,beteiligungen,7,maßgeblicher,ein˛uss,aufgrund,gesellschaftsvertraglicher,vereinbarung,8,ergebnisabführungsvertrag,konzernfremden,konzernabschluss,aufstellung,anteilsbesitzes,teil,anhangs,183,ii,verbundene,unternehmen,wegen,untergeordneter,bedeutung,vermögens,finanz,ertragslage,konzerns,konzernabschluss,einbezogen,beteiligungsanteil,eigenkapital,ergebnis,direkt,insgesamt,tsd,•,tsd,•,cardinal,wind,farm,llc,wilmingtonusa,10000casey,fork,solar,llc,wilmingtonusa,10000cassadaga,class,b,holding,llc,wilmingtonusa,1003cassadaga,wind,holding,llc,wilmingtonusa,1003catalinacypress,holding,limited,swindongroßbritannien,100940cattleman,wind,farm,llc,wilmingtonusa,10000cattleman,wind,farm,ii,llc,wilmingtonusa,10000champaign,wind,llc,chicagousa,10000ciriè,centrale,pv,sa,srl,romitalien,100œ˜5œ˜22clavellinas,solar,sl,barcelonaspanien,100œ˜26œ˜39climagy,photovoltaikprojekt,verwaltungsgmbh,kolitzheim,10029œ˜1climagy,pvsonnenanlage,gmbh,co,kg,kolitzheim,100œ˜26œ˜2climagy,pvsonnenanlage,verwaltungsgmbh,kolitzheim,100280climagy,sonneneinstrahlung,gmbh,co,kg,kolitzheim,100œ˜20œ˜2climagy,sonneneinstrahlung,verwaltungsgmbh,kolitzheim,100270climagy,sonnenkraft,verwaltungsgmbh,kolitzheim,10027œ˜1climagy,sonnenstrom,gmbh,co,kg,kolitzheim,100œ˜29œ˜2climagy,sonnenstrom,verwaltungsgmbh,kolitzheim,100290climagy,stromertrag,gmbh,co,kg,kolitzheim,100œ˜18œ˜2climagy,stromertrag,verwaltungsgmbh,kolitzheim,100270clinton,wind,llc,wilmingtonusa,10000clocaenog,wind,farm,limited,swindongroßbritannien,10000coralese,investment,sp,z,oo,warschaupolen,10090œ˜12cordova,wind,farm,llc,wilmingtonusa,10000curns,energy,limited,kilkennyirland,70œ˜501œ˜266decadia,gmbh,essen,5050893œ˜45e,z,industrielösungen,gmbh,essen,10016874œ˜2885ekoen,1,sp,z,oo,warschaupolen,10098œ˜78ekoen,2,sp,z,oo,warschaupolen,1001236œ˜58ekoen,3,sp,z,oo,warschaupolen,100134œ˜69ekoen,4,sp,z,oo,warschaupolen,100535œ˜76el,algarrobo,spa,santiago,de,chilechile,10010el,algodon,alto,wind,farm,llc,wilmingtonusa,10000el,chañar,spa,santiago,de,chilechile,10010el,navajo,solar,sl,barcelonaspanien,100œ˜10œ˜23el,pimiento,spa,santiago,de,chilechile,10010el,solar,spa,santiago,de,chilechile,1001œ˜5el,tamarugo,spa,santiago,de,chilechile,100101,ergebnisabführungsvertrag,2,daten,konzernabschluss,3,neu,jahresabschluss,verfügbar,4,beherrschung,gesellschaftsvertragliche,vereinbarung,5,beherrschung,aufgrund,gesellschaftsvertraglicher,vereinbarung,6,maßgeblicher,ein˛uss,mittelbare,beteiligungen,7,maßgeblicher,ein˛uss,aufgrund,gesellschaftsvertraglicher,vereinbarung,8,ergebnisabführungsvertrag,konzernfremden,184,ii,verbundene,unternehmen,wegen,untergeordneter,bedeutung,vermögens,finanz,ertragslage,konzerns,konzernabschluss,einbezogen,beteiligungsanteil,eigenkapital,ergebnis,direkt,insgesamt,tsd,•,tsd,•,enchant,solar,3,inc,vancouverkanada,10000enchant,solar,4,inc,vancouverkanada,10000energio,co,ltd,bangkokthailand,10029œ˜1eólica,de,sarnago,sa,soriaspanien,521550œ˜29everpower,maine,llc,chicagousa,10000everpower,ohio,llc,chicagousa,10000everpower,solar,llc,chicagousa,10000everpower,wind,development,llc,chicagousa,10000farma,wiatrowa,lubsko,sp,z,oo,zielona,górapolen,1003fifth,standard,solar,pv,llc,wilmingtonusa,10000finelectra,finanzgesellschaft,elektrizitätsbeteiligungen,ag,liquidation,hausenschweiz,1007562122five,estuary,o˚shore,wind,farm,limited,swindongroßbritannien,1003flatlands,wind,farm,llc,wilmingtonusa,10000florida,solar,and,power,group,llc,wilmingtonusa,10000frazier,solar,llc,wilmingtonusa,10000gazules,i,fotovoltaica,sl,barcelonaspanien,100œ˜58œ˜137gazules,ii,solar,sl,barcelonaspanien,100œ˜58œ˜137gbv,achtunddreißigste,gesellschaft,beteiligungsverwaltung,mbh,essen,100251gbv,dreiunddreißigste,gesellschaft,beteiligungsverwaltung,mbh,essen,100100251gbv,einunddreißigste,gesellschaft,beteiligungsverwaltung,mbh,essen,100100301gbv,sechsunddreißigste,gesellschaft,beteiligungsverwaltung,mbh,essen100251gbv,siebenunddreißigste,gesellschaft,beteiligungsverwaltung,mbh,essen100251gbv,siebte,gesellschaft,beteiligungsverwaltung,mbh,essen,1001001generación,fotovoltaica,castellano,manchega,sl,murciaspanien,1003goole,field,ii,wind,farm,limited,swindongroßbritannien,10000grandview,wind,farm,iii,llc,wilmingtonusa,10000grandview,wind,farm,iv,llc,wilmingtonusa,10000grandview,wind,farm,v,llc,wilmingtonusa,10000green,gecco,verwaltungs,gmbh,essen,51361haube,wind,sp,z,oo,slupskpolen,100663œ˜255highland,iii,llc,chicagousa,10000horse,thief,wind,project,llc,chicagousa,10000indi,energie,bv,™shertogenboschniederlande,1004740infraestructuras,de,aldehuelas,sa,barcelonaspanien,1004280infrastrukturgesellschaft,netz,lübz,beschränkter,haftung,hannover,10018œ˜24innogy,energy,marketing,australia,pty,ltd,melbourneaustralien,10031,ergebnisabführungsvertrag,2,daten,konzernabschluss,3,neu,jahresabschluss,verfügbar,4,beherrschung,gesellschaftsvertragliche,vereinbarung,5,beherrschung,aufgrund,gesellschaftsvertraglicher,vereinbarung,6,maßgeblicher,ein˛uss,mittelbare,beteiligungen,7,maßgeblicher,ein˛uss,aufgrund,gesellschaftsvertraglicher,vereinbarung,8,ergebnisabführungsvertrag,konzernfremden,konzernabschluss,aufstellung,anteilsbesitzes,teil,anhangs,185,ii,verbundene,unternehmen,wegen,untergeordneter,bedeutung,vermögens,finanz,ertragslage,konzerns,konzernabschluss,einbezogen,beteiligungsanteil,eigenkapital,ergebnis,direkt,insgesamt,tsd,•,tsd,•,innogy,energy,service,llc,wilmingtonusa,10000innogy,hillston,sun,farm,holding,pty,ltd,melbourneaustralien,100œ˜169œ˜168innogy,indeland,windpark,eschweiler,verwaltungs,gmbh,eschweiler,100476innogy,management,service,llc,wilmingtonusa,1003innogy,middle,east,north,africa,ltd,dubaiver,arab,emirate,100œ˜7654œ˜5550innogy,o˚shore,wind,netherlands,participation,i,bv,™shertogenbosch,niederlande,10000innogy,o˚shore,wind,netherlands,participation,ii,bv,™shertogenbosch,niederlande,10000innogy,o˚shore,wind,netherlands,participation,iii,bv,™shertogenbosch,niederlande,10000innogy,o˚shore,wind,netherlands,participation,iv,bv,™shertogenbosch,niederlande,10000innogy,seabreeze,ii,verwaltungs,gmbh,essen,100656innogy,solar,netherlands,bv,™shertogenboschniederlande,10000innogy,solar,polska,sp,z,oo,warschaupolen,10022œ˜6innogy,solution,sro,bratislavaslowakei,1003innogy,stallingborough,limited,swindongroßbritannien,10000innogy,windpark,bedburg,verwaltungs,gmbh,bedburg,51452innogy,windpark,garzweiler,gmbh,co,kg,essen,51559œ˜23innogy,windpark,jüchen,a44n,verwaltungs,gmbh,essen,10031œ˜3innogy,windpark,papenhagen,gmbh,co,kg,hannover,1003innogy,windpark,papenhagen,verwaltungs,gmbh,hannover,1003iron,horse,battery,storage,llc,wilmingtonusa,10010849679irus,o˚shore,wind,holding,llc,doverusa,10000iwatt,sro,koıiceslowakei,1003jerez,fotovoltaica,sl,barcelonaspanien,1002œ˜35kasson,manteca,solar,llc,wilmingtonusa,10000kieswerk,kaarst,gmbh,co,kg,bergheim,512200656kieswerk,kaarst,verwaltungs,gmbh,bergheim,51300kiln,pit,hill,wind,farm,limited,swindongroßbritannien,10000kimberly,run,llc,chicagousa,10000lake,fork,wind,farm,llc,wilmingtonusa,10000lampasas,wind,llc,chicagousa,10000las,vaguadas,i,fotovoltaica,sl,barcelonaspanien,100œ˜17œ˜54las,vaguadas,ii,solar,sl,barcelonaspanien,100œ˜42œ˜79lochelbank,wind,farm,limited,swindongroßbritannien,10000mahanoy,mountain,llc,chicagousa,10000major,wind,farm,llc,wilmingtonusa,100001,ergebnisabführungsvertrag,2,daten,konzernabschluss,3,neu,jahresabschluss,verfügbar,4,beherrschung,gesellschaftsvertragliche,vereinbarung,5,beherrschung,aufgrund,gesellschaftsvertraglicher,vereinbarung,6,maßgeblicher,ein˛uss,mittelbare,beteiligungen,7,maßgeblicher,ein˛uss,aufgrund,gesellschaftsvertraglicher,vereinbarung,8,ergebnisabführungsvertrag,konzernfremden,186,ii,verbundene,unternehmen,wegen,untergeordneter,bedeutung,vermögens,finanz,ertragslage,konzerns,konzernabschluss,einbezogen,beteiligungsanteil,eigenkapital,ergebnis,direkt,insgesamt,tsd,•,tsd,•,march,road,solar,llc,wilmingtonusa,10000maricopa,east,solar,pv,llc,wilmingtonusa,10000maricopa,east,solar,pv,2,llc,wilmingtonusa,10000maricopa,land,holding,llc,wilmingtonusa,10000maricopa,west,solar,pv,2,llc,wilmingtonusa,10000maryland,sunlight,1,llc,wilmingtonusa,1003mason,dixon,wind,llc,chicagousa,10000mud,spring,wind,project,llc,chicagousa,10000nadácia,vse,holding,koıiceslowakei,1003northern,orchard,solar,pv,llc,wilmingtonusa,10000northern,orchard,solar,pv,2,llc,wilmingtonusa,10000northern,orchard,solar,pv,3,llc,wilmingtonusa,10000novar,two,wind,farm,limited,swindongroßbritannien,10000o˚shorewindpark,delta,nordsee,gmbh,hamburg,1002460ohio,sunlight,1,llc,wilmingtonusa,1003oranje,wind,power,bv,™shertogenboschniederlande,10000oranje,wind,power,cv,™shertogenboschniederlande,10000owen,prairie,wind,farm,llc,wilmingtonusa,10000painter,energy,storage,llc,wilmingtonusa,10000panther,creek,solar,llc,wilmingtonusa,10000paradise,cut,battery,llc,wilmingtonusa,10000parc,ynni,cymunedol,alwen,cyfyngedig,swindongroßbritannien,1003park,wiatrowy,dolice,sp,z,oo,warschaupolen,100œ˜2662œ˜227park,wiatrowy,gaworzyce,sp,z,oo,warschaupolen,100œ˜143124pawnee,spirit,wind,farm,llc,wilmingtonusa,10000pe,ell,north,llc,chicagousa,10000peg,project,1,pty,ltd,melbourneaustralien,1003peg,project,2,pty,ltd,melbourneaustralien,1003photovoltaikkraftwerk,götz,verwaltungsgmbh,kolitzheim,10028œ˜1photovoltaikkraftwerk,groß,dölln,infrastruktur,gmbh,co,kg,templin,100œ˜16œ˜2photovoltaikkraftwerk,groß,dölln,infrastruktur,verwaltungsgmbh,templin,100290photovoltaikkraftwerk,reinsdorf,gmbh,co,kg,kolitzheim,100œ˜261photovoltaikkraftwerk,reinsdorf,verwaltungsgmbh,kolitzheim,100300photovoltaikkraftwerk,tramm,gmbh,co,kg,kolitzheim,100œ˜29œ˜2photovoltaikkraftwerk,tramm,netzanschluss,gmbh,co,kg,kolitzheim,100œ˜27œ˜2photovoltaikkraftwerk,tramm,netzanschluss,verwaltungsgmbh,kolitzheim,100280photovoltaikkraftwerk,tramm,pvfinanzierung,gmbh,co,kg,kolitzheim,100œ˜19œ˜21,ergebnisabführungsvertrag,2,daten,konzernabschluss,3,neu,jahresabschluss,verfügbar,4,beherrschung,gesellschaftsvertragliche,vereinbarung,5,beherrschung,aufgrund,gesellschaftsvertraglicher,vereinbarung,6,maßgeblicher,ein˛uss,mittelbare,beteiligungen,7,maßgeblicher,ein˛uss,aufgrund,gesellschaftsvertraglicher,vereinbarung,8,ergebnisabführungsvertrag,konzernfremden,konzernabschluss,aufstellung,anteilsbesitzes,teil,anhangs,187,ii,verbundene,unternehmen,wegen,untergeordneter,bedeutung,vermögens,finanz,ertragslage,konzerns,konzernabschluss,einbezogen,beteiligungsanteil,eigenkapital,ergebnis,direkt,insgesamt,tsd,•,tsd,•,photovoltaikkraftwerk,tramm,pvfinanzierung,verwaltungsgmbh,kolitzheim,100270photovoltaikkraftwerk,tramm,verwaltungsgmbh,kolitzheim,100300pi,ep,holding,limited,george,towncayman,island,10045505œ˜11pi,ep,u,holding,llc,new,york,cityusa,10045377œ˜78pinckard,solar,llc,wilmingtonusa,10000pinckard,solar,member,llc,wilmingtonusa,10000pipkin,ranch,wind,farm,llc,wilmingtonusa,10000proyecto,rio,putaendo,spa,santiago,de,chilechile,1003proyecto,tabalongo,solar,spa,santiago,de,chilechile,10010proyectos,solares,iberia,i,sl,barcelonaspanien,1006œ˜14proyectos,solares,iberia,ii,sl,barcelonaspanien,1000œ˜20proyectos,solares,iberia,iii,sl,barcelonaspanien,10019œ˜1proyectos,solares,iberia,iv,sl,barcelonaspanien,10019œ˜1proyectos,solares,iberia,v,sl,barcelonaspanien,10019œ˜1pryor,cave,wind,project,llc,chicagousa,10000pt,rheincoal,supply,trading,indonesia,pt,jakartaindonesien,1002774quintana,fotovoltaica,slu,barcelonaspanien,100œ˜5œ˜5rampion,extension,development,limited,swindongroßbritannien,1003rd,hanau,gmbh,hanau,10000rose,rock,wind,farm,llc,wilmingtonusa,10000rowantree,wind,farm,ltd,swindongroßbritannien,10000rwe,turcas,dogalgaz,ithalat,ve,ihracat,a,istanbultürkei,100855161rwe,australia,pty,ltd,brisbaneaustralien,10050œ˜14rwe,belgium,bvba,brüsselbelgien,1001451œ˜82rwe,carbon,sourcing,north,america,llc,wilmingtonusa,10000rwe,energy,apac,co,ltd,chengduchina,1001977œ˜105rwe,enerji,toptan,satis,a,istanbultürkei,1004294œ˜244rwe,generation,hydro,gmbh,essen,100251rwe,ingenus,limited,swindongroßbritannien,100267082rwe,nsw,pty,ltd,sydneyaustralien,100219œ˜45462rwe,pensionsfonds,ag,essen,1001003694œ˜145rwe,power,climate,protection,gmbh,essen,100231rwe,power,climate,protection,southeast,asia,co,ltd,bangkokthailand,1003032œ˜77rwe,principal,investment,usa,llc,new,york,cityusa,100169œ˜971rwe,renewables,australia,holding,pty,ltd,brisbaneaustralien,100176œ˜27rwe,renewables,chile,spa,santiagochile,1001133œ˜570rwe,renewables,france,sa,levalloisperretfrankreich,100œ˜1532œ˜43371,ergebnisabführungsvertrag,2,daten,konzernabschluss,3,neu,jahresabschluss,verfügbar,4,beherrschung,gesellschaftsvertragliche,vereinbarung,5,beherrschung,aufgrund,gesellschaftsvertraglicher,vereinbarung,6,maßgeblicher,ein˛uss,mittelbare,beteiligungen,7,maßgeblicher,ein˛uss,aufgrund,gesellschaftsvertraglicher,vereinbarung,8,ergebnisabführungsvertrag,konzernfremden,188,ii,verbundene,unternehmen,wegen,untergeordneter,bedeutung,vermögens,finanz,ertragslage,konzerns,konzernabschluss,einbezogen,beteiligungsanteil,eigenkapital,ergebnis,direkt,insgesamt,tsd,•,tsd,•,rwe,renewables,japan,gk,tokyojapan,1003643œ˜384rwe,renewables,mexico,s,de,rl,de,cv,ciudad,de,méxicomexiko,1001166œ˜179rwe,renewables,service,gmbh,essen,100250rwe,renewables,service,mexico,s,de,rl,de,cv,ciudad,de,méxico,mexiko,1003rwe,slovensko,sro,bratislavaslowakei,1001003rwest,pi,bra,limited,londongroßbritannien,1001360œ˜23rwest,pi,fre,holding,llc,new,york,cityusa,100œ˜1œ˜31rwest,pi,limetree,gmbh,essen,100250rwe,supply,trading,cz,gmbh,essen,1001009906rwe,supply,trading,turkey,enerji,anonim,sirketi,istanbultürkei,1001054176rwe,technology,international,energy,environment,engineering,gmbh,essen,100251rwe,tecnologia,ltda,rio,de,janeirobrasilien,1003rwe,trading,service,limited,swindongroßbritannien,100134932rwe,wind,denmark,ab,malmöschweden,1006840rwe,wind,norway,ab,malmöschweden,1006634788rwe,windparks,deutschland,gmbh,essen,10024œ˜1rwe,wind,project,ab,malmöschweden,10040rwe,wind,service,italia,srl,mailanditalien,100œ˜399œ˜444rwe,wind,service,gmbh,neubukow,10021650rwe,wind,service,norway,a,oslonorwegen,1001515œ˜8rwe,wind,songkjølen,a,oslonorwegen,1003533œ˜18santa,severa,centrale,pv,sa,srl,romitalien,100œ˜1510sb,retro˝t,llc,wilmingtonusa,10000scioto,solar,llc,wilmingtonusa,1003snow,shoe,wind,farm,llc,wilmingtonusa,10000songkjølen,wind,farm,oslonorwegen,1004943œ˜25sparta,north,llc,wilmingtonusa,10000sparta,south,llc,wilmingtonusa,10000sp,solarprojekte,1,verwaltungsgmbh,kolitzheim,100250sp,solarprojekte,2,gmbh,co,kg,kolitzheim,100œ˜3œ˜3sp,solarprojekte,2,verwaltungsgmbh,kolitzheim,100260sp,solarprojekte,3,gmbh,co,kg,kolitzheim,100œ˜4œ˜2sp,solarprojekte,3,verwaltungsgmbh,kolitzheim,100260sp,solarprojekte,4,gmbh,co,kg,kolitzheim,100œ˜4œ˜2sp,solarprojekte,4,verwaltungsgmbh,kolitzheim,100260sp,solarprojekte,7,gmbh,co,kg,kolitzheim,100œ˜2œ˜3sp,solarprojekte,7,verwaltungsgmbh,kolitzheim,100250sp,solarprojekte,8,gmbh,co,kg,sömmerda,10031,ergebnisabführungsvertrag,2,daten,konzernabschluss,3,neu,jahresabschluss,verfügbar,4,beherrschung,gesellschaftsvertragliche,vereinbarung,5,beherrschung,aufgrund,gesellschaftsvertraglicher,vereinbarung,6,maßgeblicher,ein˛uss,mittelbare,beteiligungen,7,maßgeblicher,ein˛uss,aufgrund,gesellschaftsvertraglicher,vereinbarung,8,ergebnisabführungsvertrag,konzernfremden,konzernabschluss,aufstellung,anteilsbesitzes,teil,anhangs,189,ii,verbundene,unternehmen,wegen,untergeordneter,bedeutung,vermögens,finanz,ertragslage,konzerns,konzernabschluss,einbezogen,beteiligungsanteil,eigenkapital,ergebnis,direkt,insgesamt,tsd,•,tsd,•,sp,solarprojekte,8,verwaltungsgmbh,sömmerda,1003sp,solarprojekte,9,gmbh,co,kg,sömmerda,1003sp,solarprojekte,9,verwaltungsgmbh,sömmerda,1003sp,solarprojekte,10,gmbh,co,kg,sömmerda,1003sp,solarprojekte,10,verwaltungsgmbh,sömmerda,1003sp,solarprojekte,11,gmbh,co,kg,kolitzheim,100œ˜28œ˜2sp,solarprojekte,11,verwaltungsgmbh,kolitzheim,100290sp,solarprojekte,12,gmbh,co,kg,kolitzheim,100œ˜29œ˜2sp,solarprojekte,12,verwaltungsgmbh,kolitzheim,100290sp,solarprojekte,13,gmbh,co,kg,kolitzheim,100œ˜29œ˜2sp,solarprojekte,13,verwaltungsgmbh,kolitzheim,100290stillwater,energy,storage,llc,wilmingtonusa,10000stockton,solar,i,llc,wilmingtonusa,10000stockton,solar,ii,llc,wilmingtonusa,10000storage,facility,1,ltd,sloughgroßbritannien,100œ˜20œ˜20sun,data,gmbh,il,kolitzheim,1007470sunpow,1,sp,z,oo,warschaupolen,10000sunrise,energy,generation,pvt,ltd,mumbaiindien,100703sunrise,wind,holding,llc,chicagousa,10000svfr,12,sa,vendresfrankreich,100œ˜112œ˜2terrapin,hill,llc,chicagousa,10000three,rock,solar,llc,wilmingtonusa,10000tierra,blanca,wind,farm,llc,wilmingtonusa,10000tipton,wind,llc,wilmingtonusa,10000valverde,wind,farm,llc,wilmingtonusa,10000vde,komplementär,gmbh,kassel,1008œ˜9vde,project,gmbh,kassel,10037œ˜22venado,wind,farm,llc,wilmingtonusa,10000versuchsatomkraftwerk,kahl,gmbh,karlstein,main,8060431vici,wind,farm,llc,wilmingtonusa,10000vici,wind,farm,ii,llc,wilmingtonusa,10000vici,wind,farm,iii,llc,wilmingtonusa,10000vortex,energy,deutschland,gmbh,kassel,1004661986vortex,energy,windpark,gmbh,co,kg,kassel,1001œ˜29vse,call,centrum,sro,koıiceslowakei,1005629vse,ekoenergia,sro,koıiceslowakei,10065œ˜119west,of,the,pecos,holdco,llc,wilmingtonusa,100001,ergebnisabführungsvertrag,2,daten,konzernabschluss,3,neu,jahresabschluss,verfügbar,4,beherrschung,gesellschaftsvertragliche,vereinbarung,5,beherrschung,aufgrund,gesellschaftsvertraglicher,vereinbarung,6,maßgeblicher,ein˛uss,mittelbare,beteiligungen,7,maßgeblicher,ein˛uss,aufgrund,gesellschaftsvertraglicher,vereinbarung,8,ergebnisabführungsvertrag,konzernfremden,190,ii,verbundene,unternehmen,wegen,untergeordneter,bedeutung,vermögens,finanz,ertragslage,konzerns,konzernabschluss,einbezogen,beteiligungsanteil,eigenkapital,ergebnis,direkt,insgesamt,tsd,•,tsd,•,wildcat,wind,farm,ii,llc,wilmingtonusa,10000wildcat,wind,farm,iii,llc,wilmingtonusa,10000willowbrook,solar,i,llc,wilmingtonusa,10000windpark,hölzerberg,gmbh,co,kg,kassel,1001œ˜12windpark,winterlingenalb,gmbh,co,kg,kassel,1001œ˜12wiregrass,llc,wilmingtonusa,10000wit,ranch,wind,farm,llc,wilmingtonusa,10000wr,graceland,solar,llc,wilmingtonusa,10000zielone,glówczyce,sp,z,oo,glówczycepolen,100472œ˜519iii,gemeinschaftliche,tätigkeiten,beteiligungsanteil,eigenkapital,ergebnis,direkt,insgesamt,tsd,•,tsd,•,greater,gabbard,o˚shore,wind,limited,readinggroßbritannien,501122469101728nv,elektriciteitsproduktiemaatschappij,zuidnederland,epz,borssele,niederlande,30813025609iv,assoziierte,unternehmen,gemeinschaftlichen,tätigkeiten,beteiligungsanteil,eigenkapital,ergebnis,direkt,insgesamt,tsd,•,tsd,•,bv,nea,arnhemniederlande,28717142161,ergebnisabführungsvertrag,2,daten,konzernabschluss,3,neu,jahresabschluss,verfügbar,4,beherrschung,gesellschaftsvertragliche,vereinbarung,5,beherrschung,aufgrund,gesellschaftsvertraglicher,vereinbarung,6,maßgeblicher,ein˛uss,mittelbare,beteiligungen,7,maßgeblicher,ein˛uss,aufgrund,gesellschaftsvertraglicher,vereinbarung,8,ergebnisabführungsvertrag,konzernfremden,1,ergebnisabführungsvertrag,2,daten,konzernabschluss,3,neu,jahresabschluss,verfügbar,4,beherrschung,gesellschaftsvertragliche,vereinbarung,5,beherrschung,aufgrund,gesellschaftsvertraglicher,vereinbarung,6,maßgeblicher,ein˛uss,mittelbare,beteiligungen,7,maßgeblicher,ein˛uss,aufgrund,gesellschaftsvertraglicher,vereinbarung,8,ergebnisabführungsvertrag,konzernfremden,1,ergebnisabführungsvertrag,2,daten,konzernabschluss,3,neu,jahresabschluss,verfügbar,4,beherrschung,gesellschaftsvertragliche,vereinbarung,5,beherrschung,aufgrund,gesellschaftsvertraglicher,vereinbarung,6,maßgeblicher,ein˛uss,mittelbare,beteiligungen,7,maßgeblicher,ein˛uss,aufgrund,gesellschaftsvertraglicher,vereinbarung,8,ergebnisabführungsvertrag,konzernfremden,konzernabschluss,aufstellung,anteilsbesitzes,teil,anhangs,191,v,gemeinschaftsunternehmen,equitymethode,bilanziert,sindbeteiligungsanteil,eigenkapital,ergebnis,direkt,insgesamt,tsd,•,tsd,•,a,3,beteiligungs,gmbh,essen,515368195740awearkonawindpark,entwicklungsgmbh,hamburg,50107495426952cpower,nv,oostendebelgien,2724793322227elevate,wind,holdco,llc,wilmingtonusa,5024588416100galloper,wind,farm,holding,company,limited,swindongroßbritannien,25œ˜10169033135grandview,wind,farm,llc,wilmingtonusa,50302098œ˜12364gwynt,y,môr,o˚shore,wind,farm,limited,swindongroßbritannien,50œ˜2103œ˜992innogy,venture,capital,gmbh,dortmund,755714119rampion,renewables,limited,coventrygroßbritannien,6053société,electrique,de,l™our,sa,luxemburgluxemburg,401161756862tcp,petcoke,corporation,doverusa,5035437254252uranit,gmbh,jülich,507212798094vi,assoziierte,unternehmen,equitymethode,bilanziert,beteiligungsanteil,eigenkapital,ergebnis,direkt,insgesamt,tsd,•,tsd,•,amprion,gmbh,dortmund,25251823000203400atberg,œ,eólicas,do,alto,tâmega,e,barroso,lda,ribeira,de,penaportugal,404862532belectric,gulf,limited,abu,dhabiver,arab,emirate,4947584173bray,o˚shore,wind,limited,kilkennyirland,50œ˜83œ˜12doti,deutsche,o˚shoretestfeld,infrastrukturgmbh,co,kg,oldenburg,2684844œ˜46276gns,gesellschaft,nuklearservice,mbh,essen,2836339156902grosskraftwerk,mannheim,aktiengesellschaft,mannheim,401274356647hidroerg,œ,projectos,energéticos,lda,lissabonportugal,32125881964innogy,renewables,technology,fund,i,gmbh,co,kg,il,dortmund,78516637œ˜1833kärntner,energieholding,beteiligungs,gmbh,klagenfurtösterreich,49912286966382kelagkärntner,elektrizitätsag,klagenfurtösterreich,13689367593316kish,o˚shore,wind,limited,kilkennyirland,50œ˜103œ˜12magicat,holdco,llc,wilmingtonusa,202784481552mingaspower,gmbh,essen,4051144445nysäter,wind,ab,malmöschweden,2020419œ˜5869pearl,petroleum,company,limited,road,townbritische,jungferninseln,1071951247242061rødsand,2,o˚shore,wind,farm,ab,malmöschweden,20143174143201,ergebnisabführungsvertrag,2,daten,konzernabschluss,3,neu,jahresabschluss,verfügbar,4,beherrschung,gesellschaftsvertragliche,vereinbarung,5,beherrschung,aufgrund,gesellschaftsvertraglicher,vereinbarung,6,maßgeblicher,ein˛uss,mittelbare,beteiligungen,7,maßgeblicher,ein˛uss,aufgrund,gesellschaftsvertraglicher,vereinbarung,8,ergebnisabführungsvertrag,konzernfremden,1,ergebnisabführungsvertrag,2,daten,konzernabschluss,3,neu,jahresabschluss,verfügbar,4,beherrschung,gesellschaftsvertragliche,vereinbarung,5,beherrschung,aufgrund,gesellschaftsvertraglicher,vereinbarung,6,maßgeblicher,ein˛uss,mittelbare,beteiligungen,7,maßgeblicher,ein˛uss,aufgrund,gesellschaftsvertraglicher,vereinbarung,8,ergebnisabführungsvertrag,konzernfremden,192,vii,unternehmen,wegen,untergeordneter,bedeutung,vermögens,finanz,ertragslage,konzerns,equitymethode,bilanziert,beteiligungsanteil,eigenkapital,ergebnis,direkt,insgesamt,tsd,•,tsd,•,abwassergesellschaft,knapsack,gesellschaft,beschränkter,haftung,hürth,33415185alfred,thielgedächtnisunterstützungskasse,gmbh,essen,5051130ascent,energy,llc,wilmingtonusa,5083664œ˜3349carbon,climate,protection,gmbh,langenloisösterreich,5030521422carbon,egypt,ltd,under,liquidation,kairoägypten,49œ˜2274œ˜245dbo,energia,sa,rio,de,janeiro,brasilien,90604œ˜988deutsche,gesellschaft,wiederaufarbeitung,kernbrennsto˚en,ag,co,ohg,essen,3121591647doti,management,gmbh,oldenburg,261190emdo,sa,parisfrankreich,30œ˜10890œ˜5906energotel,a,bratislavaslowakei,2069221410eoliennes,en,mer,de,dunkerque,emd,sa,parisfrankreich,303fassi,coal,pty,ltd,rutherfordaustralien,47œ˜9954œ˜2975first,river,energy,llc,denverusa,40œ˜1410œ˜7597focal,energy,photovoltaic,holding,limited,nicosiazypern,501476œ˜4gemeinschaftswerk,hattingen,gesellschaft,beschränkter,haftung,essen,522045œ˜685gfs,gesellschaft,simulatorschulung,mbh,essen,33623kraftwerk,buer,gbr,gelsenkirchen,5051130ksg,kraftwerkssimulatorgesellschaft,mbh,essen,3361526kückhovener,deponiebetrieb,gmbh,co,kommanditgesellschaft,bergheim,5032œ˜1kückhovener,deponiebetrieb,verwaltungsgmbh,bergheim,50390ldo,coal,pty,ltd,rutherfordaustralien,47œ˜10177limetree,bay,preferred,holding,llc,bostonusa,283london,array,limited,tunbridge,wellsgroßbritannien,3000moravske,hidroelektrane,doo,belgradserbien,513538œ˜18netzanbindung,tewel,ohg,cuxhaven,25627œ˜41pv,project,gmbh,co,kg,il,kolitzheim,50236œ˜33vi,assoziierte,unternehmen,equitymethode,bilanziert,beteiligungsanteil,eigenkapital,ergebnis,direkt,insgesamt,tsd,•,tsd,•,schluchseewerk,aktiengesellschaft,laufenburg,baden,50649572809vliegasunie,bv,de,biltniederlande,6051067930701,ergebnisabführungsvertrag,2,daten,konzernabschluss,3,neu,jahresabschluss,verfügbar,4,beherrschung,gesellschaftsvertragliche,vereinbarung,5,beherrschung,aufgrund,gesellschaftsvertraglicher,vereinbarung,6,maßgeblicher,ein˛uss,mittelbare,beteiligungen,7,maßgeblicher,ein˛uss,aufgrund,gesellschaftsvertraglicher,vereinbarung,8,ergebnisabführungsvertrag,konzernfremden,1,ergebnisabführungsvertrag,2,daten,konzernabschluss,3,neu,jahresabschluss,verfügbar,4,beherrschung,gesellschaftsvertragliche,vereinbarung,5,beherrschung,aufgrund,gesellschaftsvertraglicher,vereinbarung,6,maßgeblicher,ein˛uss,mittelbare,beteiligungen,7,maßgeblicher,ein˛uss,aufgrund,gesellschaftsvertraglicher,vereinbarung,8,ergebnisabführungsvertrag,konzernfremden,konzernabschluss,aufstellung,anteilsbesitzes,teil,anhangs,193,viii,sonstige,beteiligungen,beteiligungsanteil,eigenkapital,ergebnis,direkt,insgesamt,tsd,•,tsd,•,apep,dachfonds,gmbh˜˜co,kg,münchen,363615931567583chrysalix,energy,ii,u,limited,partnership,vancouverkanada,69155œ˜51chrysalix,energy,iii,u,limited,partnership,vancouverkanada,11115776œ˜6846dry,bulk,partner,2013,lp,grand,caymancayman,island,23657885energías,renovables,de,ávila,sa,madridspanien,175950eon,se,essen,1594317001053000focal,energy,solar,three,ltd,nicosiazypern,85430œ˜4glenrothes,paper,limited,glenrothesgroßbritannien,07150globus,steel,power,pvt,limited,new,delhiindien,18œ˜1337œ˜937hightech,gründerfonds,ii,gmbh,co,kg,bonn,11111810hochtemperaturkernkraftwerk,gesellschaft,beschränkter,haftung,hkg,gemeinsames,europäisches,unternehmen,hamm,3100vii,unternehmen,wegen,untergeordneter,bedeutung,vermögens,finanz,ertragslage,konzerns,equitymethode,bilanziert,beteiligungsanteil,eigenkapital,ergebnis,direkt,insgesamt,tsd,•,tsd,•,pv,project,komplementär,gmbh,il,kolitzheim,50261rwe,dhabi,union,energy,llc,abu,dhabiver,arab,emirate,24360scarweather,sand,limited,coventrygroßbritannien,5000spx,sro,zilinaslowakei,331639tetraspar,demonstrator,aps,kopenhagendänemark,33œ˜1037œ˜1985toledo,pv,aeie,madridspanien,331607681tpg,wind,limited,coventrygroßbritannien,50516904transelektro,sro,koıiceslowakei,26œ˜36œ˜69umspannwerk,putlitz,gmbh,co,kg,oldenburg,250œ˜137walden,green,energy,llc,new,york,cityusa,741369718618walden,renewables,development,llc,new,york,cityusa,763windesco,inc,bostonusa,22œ˜1029œ˜1120windpark,fresenhede,gmbh,co,kg,kassel,501œ˜38windpark,herßumvinnen,projekt,gmbh,co,kg,kassel,501œ˜7windpark,rotenburg,gmbh,co,kg,kassel,501œ˜119windpark,schapen,gmbh,co,kg,kassel,501œ˜9windtest,grevenbroich,gmbh,grevenbroich,382276118yorkshire,windpower,limited,coventrygroßbritannien,502612141761,ergebnisabführungsvertrag,2,daten,konzernabschluss,3,neu,jahresabschluss,verfügbar,4,beherrschung,gesellschaftsvertragliche,vereinbarung,5,beherrschung,aufgrund,gesellschaftsvertraglicher,vereinbarung,6,maßgeblicher,ein˛uss,mittelbare,beteiligungen,7,maßgeblicher,ein˛uss,aufgrund,gesellschaftsvertraglicher,vereinbarung,8,ergebnisabführungsvertrag,konzernfremden,1,ergebnisabführungsvertrag,2,daten,konzernabschluss,3,neu,jahresabschluss,verfügbar,4,beherrschung,gesellschaftsvertragliche,vereinbarung,5,beherrschung,aufgrund,gesellschaftsvertraglicher,vereinbarung,6,maßgeblicher,ein˛uss,mittelbare,beteiligungen,7,maßgeblicher,ein˛uss,aufgrund,gesellschaftsvertraglicher,vereinbarung,8,ergebnisabführungsvertrag,konzernfremden,194,viii,sonstige,beteiligungen,beteiligungsanteil,eigenkapital,ergebnis,direkt,insgesamt,tsd,•,tsd,•,nordsee,one,gmbh,oststeinbek,1512125049274nordsee,three,gmbh,oststeinbek,15226œ˜7nordsee,two,gmbh,oststeinbek,1573œ˜7oppenheim,private,equity,institutionelle,anleger,gmbh,co,kg,köln,2929385œ˜20parque,eólico,cassiopea,sl,oviedospanien,10500parque,eólico,escorpio,sa,oviedospanien,105224parque,eólico,leo,sl,oviedospanien,101260peag,holding,gmbh,dortmund,1212188582425people2people,sro,bratislava,slowakei,9177œ˜43promocion,y,gestion,cáncer,sl,oviedospanien,10631rev,lng,llc,ulyssesusa,53163325set,fund,ii,cv,amsterdamniederlande,134907810271stem,inc,milbraeusa,62211œ˜45187sustainable,energy,technology,fund,cv,amsterdamniederlande,5015030œ˜1949technologiezentrum,jülich,gmbh,jülich,51791198transport,frischbetongesellschaft,beschränkter,haftung,co,kommanditgesellschaft,aachen,aachen,17390164trinkaus,secondary,gmbh,co,kgaa,düsseldorf,43431058œ˜144umbo,gmbh,hamburg,1014871387umspannwerk,lübz,gbr,lübz,1819œ˜39versorgungskasse,energie,vvag,il,hannover,05172901,ergebnisabführungsvertrag,2,daten,konzernabschluss,3,neu,jahresabschluss,verfügbar,4,beherrschung,gesellschaftsvertragliche,vereinbarung,5,beherrschung,aufgrund,gesellschaftsvertraglicher,vereinbarung,6,maßgeblicher,ein˛uss,mittelbare,beteiligungen,7,maßgeblicher,ein˛uss,aufgrund,gesellschaftsvertraglicher,vereinbarung,8,ergebnisabführungsvertrag,konzernfremden,konzernabschluss,aufstellung,anteilsbesitzes,teil,anhangs,195,anteilsveränderungen,wechsel,beherrschungsstatus,anteil,31122019,in˜anteil,31122018,in˜veränderung,zugänge,verbundener,unternehmen,konzernabschluss,einbezogen,amrumo˚shore,west,gmbh,düsseldorf,100100anacacho,holdco,llc,wilmingtonusa,100100anacacho,wind,farm,llc,wilmingtonusa,100100belectric,canada,solar,inc,vancouverkanada,100100boiling,spring,wind,farm,llc,wilmingtonusa,100100bruenning™s,breeze,holdco,llc,wilmingtonusa,100100bruenning™s,breeze,wind,farm,llc,wilmingtonusa,100100champion,wf,holdco,llc,wilmingtonusa,100100champion,wind,farm,llc,wilmingtonusa,100100colbeck™s,corner,holdco,llc,wilmingtonusa,100100colbeck™s,corner,llc,wilmingtonusa,100100cranell,holdco,llc,wilmingtonusa,100100cranell,wind,farm,llc,wilmingtonusa,100100dotto,morcone,srl,romitalien,100100eon,energie,odnawialne,sp,z,oo,szczecinpolen,100100energiewerken,bv,almereniederlande,100100farma,wiatrowa,barzowice,sp,z,oo,warschaupolen,100100forest,creek,investco,inc,wilmingtonusa,100100forest,creek,wf,holdco,llc,wilmingtonusa,100100forest,creek,wind,farm,llc,wilmingtonusa,100100get,energy,solution,szolgáltató,kft,budapestungarn,9191glen,kyllachy,wind,farm,limited,swindongroßbritannien,100100grandview,holdco,llc,wilmingtonusa,100100hardin,class,b,holding,llc,wilmingtonusa,100100hardin,wind,holding,llc,wilmingtonusa,100100inadale,wind,farm,llc,wilmingtonusa,100100irus,solar,nc,lessee,llc,wilmingtonusa,100100irus,solar,nc,pledgor,llc,wilmingtonusa,100100irus,solar,operation,llc,wilmingtonusa,100100irus,wind,operation,llc,wilmingtonusa,100100klima,és,hutéstechnológia,tervezo,szerelo,és,kereskedelmi,kft,budapestungarn,100100munnsville,investco,llc,wilmingtonusa,100100munnsville,wf,holdco,llc,wilmingtonusa,100100munnsville,wind,farm,llc,wilmingtonusa,100100panther,creek,holdco,llc,wilmingtonusa,100100panther,creek,wind,farm,iii,llc,wilmingtonusa,100100panther,creek,wind,farm,three,llc,wilmingtonusa,100100peyton,creek,holdco,llc,wilmingtonusa,100100peyton,creek,wind,farm,llc,wilmingtonusa,100100pioneer,trail,wind,farm,llc,wilmingtonusa,100100196,anteilsveränderungen,wechsel,beherrschungsstatus,anteil,31122019,in˜anteil,31122018,in˜veränderung,zugänge,verbundener,unternehmen,konzernabschluss,einbezogen,pyron,wind,farm,llc,wilmingtonusa,100100radford™s,run,holdco,llc,wilmingtonusa,100100radford™s,run,wind,farm,llc,wilmingtonusa,100100raymond,holdco,llc,wilmingtonusa,100100raymond,wind,farm,llc,wilmingtonusa,100100roscoe,wf,holdco,llc,wilmingtonusa,100100roscoe,wind,farm,llc,wilmingtonusa,100100rwe,canada,ltd,saint,johnkanada,100100rwe,czech,gas,grid,holding,bv,geertruidenbergniederlande,100100rwe,energy,service,llc,wilmingtonusa,100100rwe,investco,epc,mgmt,llc,wilmingtonusa,100100rwe,investco,mgmt,llc,wilmingtonusa,100100rwe,investco,mgmt,ii,llc,wilmingtonusa,100100rwe,magicat,holdco,llc,wilmingtonusa,100100rwe,renewables,america,llc,wilmingtonusa,100100rwe,renewables,asset,management,llc,wilmingtonusa,100100rwe,renewables,canada,ltd,saint,johnkanada,100100rwe,renewables,development,llc,wilmingtonusa,100100rwe,renewables,energy,marketing,llc,wilmingtonusa,100100rwe,renewables,international,gmbh,essen,100100rwe,renewables,international,participation,bv,geertruidenbergniederlande,100100rwe,renewables,italia,srl,romitalien,100100rwe,renewables,om,llc,wilmingtonusa,100100rwe,renewables,qse,llc,wilmingtonusa,100100rwe,renewables,service,llc,wilmingtonusa,100100rwe,renewables,sweden,ab,malmöschweden,100100rwe,renewables,uk,blyth,limited,coventrygroßbritannien,100100rwe,renewables,uk,development,limited,coventrygroßbritannien,100100rwe,renewables,uk,humber,wind,limited,coventrygroßbritannien,100100rwe,renewables,uk,limited,coventrygroßbritannien,100100rwe,renewables,uk,london,array,limited,coventrygroßbritannien,100100rwe,renewables,uk,o˚shore,wind,limited,coventrygroßbritannien,100100rwe,renewables,uk,operation,limited,coventrygroßbritannien,100100rwe,renewables,uk,robin,rigg,east,limited,coventrygroßbritannien,100100rwe,renewables,uk,robin,rigg,west,limited,coventrygroßbritannien,100100rwe,renewables,uk,wind,limited,coventrygroßbritannien,100100rwe,renewables,uk,zone,six,limited,coventrygroßbritannien,100100rwe,slovak,holding,bv,geertruidenbergniederlande,100100rwe,solar,development,llc,wilmingtonusa,100100rwe,solar,pv,llc,wilmingtonusa,100100rwe,wind,karehamn,ab,malmöschweden,100100konzernabschluss,aufstellung,anteilsbesitzes,teil,anhangs,197,anteilsveränderungen,wechsel,beherrschungsstatus,anteil,31122019,in˜anteil,31122018,in˜veränderung,zugänge,verbundener,unternehmen,konzernabschluss,einbezogen,rwe,wind,service,denmark,a,rødbydänemark,100100sand,blu˚,wf,holdco,llc,wilmingtonusa,100100sand,blu˚,wind,farm,llc,wilmingtonusa,100100settlers,trail,wind,farm,llc,wilmingtonusa,100100stella,holdco,llc,wilmingtonusa,100100stella,wind,farm,llc,wilmingtonusa,100100tamworth,holding,llc,charlotteusa,100100tanager,holding,llc,charlotteusa,100100tech,park,solar,llc,wilmingtonusa,100100valencia,solar,llc,tucsonusa,100100west,of,the,pecos,solar,llc,wilmingtonusa,100100west,raymond,holdco,llc,wilmingtonusa,100100west,raymond,wind,farm,llc,wilmingtonusa,100100zugänge,gemeinschaftsunternehmen,equitymethode,bilanziert,sindawearkonawindpark,entwicklungsgmbh,hamburg,5050elevate,wind,holdco,llc,wilmingtonusa,5050grandview,wind,farm,llc,wilmingtonusa,5050rampion,renewables,limited,coventrygroßbritannien,60360zugänge,assoziierter,unternehmen,equitymethode,bilanziert,sinddoti,deutsche,o˚shoretestfeld,infrastrukturgmbh,co,kg,oldenburg,2626magicat,holdco,llc,wilmingtonusa,2020nysäter,wind,ab,malmöschweden,2020rødsand,2,o˚shore,wind,farm,ab,malmöschweden,2020abgänge,verbundener,unternehmen,konzernabschluss,einbezogen,2,cr,immobilienvermietungsgesellschaft,mbh˜˜co,kg,cottbus,düsseldorf,12,crimmobilienvermietungsgesellschaft,mbh˜˜co,objekt,meag,halle,kg,düsseldorf,1artelis,sa,luxemburgluxemburg,90œ˜90ave,gmbh,halle,saale,76œ˜76bayerische,bergbahnenbeteiligungsgesellschaft,mbh,gundremmingen,100œ˜100bayerische,elektrizitätswerke,gesellschaft,beschränkter,haftung,augsburg,100œ˜100bayerischeschwäbische,wasserkraftwerke,beteiligungsgesellschaft,mbh,gundremmingen,62œ˜62bristol,channel,zone,limited,bristolgroßbritannien,100œ˜100broadband,telcom,power,inc,santa,anausa,100œ˜100btbblockheizkraftwerks,träger,betreibergesellschaft,mbh,berlin,berlin,100œ˜100budapesti,elektromos,muvek,nyrt,budapestungarn,55œ˜551,strukturierte,einheit,gemäß,ifrs,10,12,2,beherrschung,gesellschaftsvertragliche,vereinbarung,3,beherrschung,aufgrund,gesellschaftsvertraglicher,vereinbarung,4,maßgeblicher,ein˛uss,mittelbare,beteiligungen,5,zugang,2019,198,anteilsveränderungen,wechsel,beherrschungsstatus,anteil,31122019,in˜anteil,31122018,in˜veränderung,abgänge,verbundener,unternehmen,konzernabschluss,einbezogen,cegecom,sa,luxemburgluxemburg,100œ˜100certi˝ed,bv,amsterdamniederlande,100œ˜100channel,energy,limited,bristolgroßbritannien,100œ˜100egdenergiewacht,facility,bv,assenniederlande,100œ˜100elektrizitätswerk,landsberg,gmbh,landsberg,lech,100œ˜100ele,verteilnetz,gmbh,gelsenkirchen,100œ˜100elmu,dso,holding,korlátolt,felelosségu,társaság,budapestungarn,100œ˜100elmuémász,energiakereskedo,kft,budapestungarn,100œ˜100elmuémász,energiaszolgáltató,zrt,budapestungarn,100œ˜100elmuémász,energiatároló,kft,budapestungarn,100œ˜100elmuémász,solution,kft,budapestungarn,100œ˜100elmuémász,telco,kft,budapestungarn,100œ˜100elmuémász,ügyfélszolgálati,kft,budapestungarn,100œ˜100elmu,halozati,eloszto,kft,budapestungarn,100œ˜100émász,halozati,kft,miskolcungarn,100œ˜100emscher,lippe,energie,gmbh,gelsenkirchen,50œ˜50energiedirect,bv,waalreniederlande,100œ˜100energienetze,berlin,gmbh,berlin,100œ˜100energiewacht,facility,bv,zwolleniederlande,100œ˜100energiewacht,groep,bv,meppelniederlande,100œ˜100energiewacht,nv,veendamniederlande,100œ˜100energiewacht,west,nederland,bv,assenniederlande,100œ˜100energiewerken,bv,almereniederlande,5energis,gmbh,saarbrücken,72œ˜72energisnetzgesellschaft,mbh,saarbrücken,100œ˜100enviam,beteiligungsgesellschaft,chemnitz,gmbh,chemnitz,100œ˜100enviam,beteiligungsgesellschaft,mbh,essen,100œ˜100envia,mitteldeutsche,energie,ag,chemnitz,59œ˜59envia,service,gmbh,cottbus,100œ˜100envia,tel,gmbh,markkleeberg,100œ˜100envia,therm,gmbh,bitterfeldwolfen,100œ˜100eprimo,gmbh,neuisenburg,100œ˜100essent,belgium,nv,antwerpenbelgien,100œ˜100essent,energiebewust,holding,bv,™shertogenboschniederlande,100œ˜100essent,energie,verkoop,nederland,bv,™shertogenboschniederlande,100œ˜100essent,energy,group,bv,arnhemniederlande,100œ˜100essent,it,bv,arnhemniederlande,100œ˜100essent,nederland,bv,arnhemniederlande,100œ˜100essent,nv,™shertogenboschniederlande,100œ˜1001,strukturierte,einheit,gemäß,ifrs,10,12,2,beherrschung,gesellschaftsvertragliche,vereinbarung,3,beherrschung,aufgrund,gesellschaftsvertraglicher,vereinbarung,4,maßgeblicher,ein˛uss,mittelbare,beteiligungen,5,zugang,2019,konzernabschluss,aufstellung,anteilsbesitzes,teil,anhangs,199,anteilsveränderungen,wechsel,beherrschungsstatus,anteil,31122019,in˜anteil,31122018,in˜veränderung,abgänge,verbundener,unternehmen,konzernabschluss,einbezogen,essent,retail,energie,bv,™shertogenboschniederlande,100œ˜100essent,right,bv,™shertogenboschniederlande,100œ˜100essent,sale,portfolio,management,bv,™shertogenboschniederlande,100œ˜100eszakmagyarorszagi,aramszolgáltató,nyrt,miskolcungarn,54œ˜54euroskypark,gmbh,saarbrücken,51œ˜51evip,gmbh,bitterfeldwolfen,100œ˜100ewis,bv,edeniederlande,100œ˜100ewv,energie,wasserversorgung,gmbh,stolberg,54œ˜54famis,gesellschaft,facility,management,industrieservice,mbh,saarbrücken,100œ˜100gasnet,sro,ústí,nad,labemtschechien,100œ˜100gaswacht,friesland,facility,bv,leeuwardenniederlande,100œ˜100geas,energiewacht,bv,enschedeniederlande,100œ˜100gemeinschaftskraftwerk,bergkamen,a,beschränkt,haftende,ohg,bergkamen,51œ˜51get,energy,solution,szolgáltató,kft,budapestungarn,5gridservices,sro,brnotschechien,100œ˜100gwg,grevenbroich,gmbh,grevenbroich,60œ˜60hof,promotion,bv,eindhovenniederlande,100œ˜100improvers,bv,™shertogenboschniederlande,100œ˜100improvers,community,bv,amsterdamniederlande,100œ˜100innogy,aqua,gmbh,mülheim,ruhr,100œ˜100innogy,benelux,holding,bv,™shertogenboschniederlande,100œ˜100innogy,beteiligungsholding,gmbh,essen,100œ˜100innogy,business,service,benelux,bv,arnhemniederlande,100œ˜100innogy,business,service,polska,sp,z,oo,krakaupolen,100œ˜100innogy,business,service,uk,limited,swindongroßbritannien,100œ˜100innogy,ceská,republika,a,pragtschechien,100œ˜100innogy,emobility,solution,gmbh,dortmund,100œ˜100innogy,emobility,u,llc,delawareusa,100œ˜100innogy,energie,sro,pragtschechien,100œ˜100innogy,energo,sro,pragtschechien,100œ˜100innogy,finance,bv,™shertogenboschniederlande,100œ˜100innogy,gastronomie,gmbh,essen,100œ˜100innogy,grid,holding,a,pragtschechien,50œ˜50innogy,hungária,tanácsadó,kft,budapestungarn,100œ˜100innogy,innovation,berlin,gmbh,berlin,100œ˜100innogy,innovation,center,ltd,tel,avivisrael,100œ˜100innogy,innovation,gmbh,essen,100œ˜100innogy,innovation,uk,ltd,londongroßbritannien,100œ˜100innogy,international,participation,nv,™shertogenboschniederlande,100œ˜1001,strukturierte,einheit,gemäß,ifrs,10,12,2,beherrschung,gesellschaftsvertragliche,vereinbarung,3,beherrschung,aufgrund,gesellschaftsvertraglicher,vereinbarung,4,maßgeblicher,ein˛uss,mittelbare,beteiligungen,5,zugang,2019,200,anteilsveränderungen,wechsel,beherrschungsstatus,anteil,31122019,in˜anteil,31122018,in˜veränderung,abgänge,verbundener,unternehmen,konzernabschluss,einbezogen,innogy,it,magyarország,kft,—vaﬂ,budapestungarn,100œ˜100innogy,metering,gmbh,mülheim,ruhr,100œ˜100innogy,netze,deutschland,gmbh,essen,100œ˜100innogy,new,venture,llc,palo,altousa,100œ˜100innogy,polska,it,support,sp,z,oo,warschaupolen,100œ˜100innogy,polska,sa,warschaupolen,100œ˜100innogy,polska,solution,sp,z,oo,warschaupolen,100œ˜100innogy,rheinhessen,beteiligungs,gmbh,essen,100œ˜100innogy,se,essen,77œ˜77innogy,solution,ireland,limited,dublinirland,100œ˜100innogy,solution,kft,budapestungarn,100œ˜100innogy,solution,sro,banská,bystricaslowakei,100œ˜100innogy,south,east,europe,sro,bratislavaslowakei,100œ˜100innogy,stoen,operator,sp,z,oo,warschaupolen,100œ˜100innogy,telnet,gmbh,essen,100œ˜100innogy,venture,gmbh,essen,100œ˜100innogy,zákaznické,slu˙by,sro,ostravatschechien,100œ˜100innogy,zweite,vermögensverwaltungs,gmbh,essen,100œ˜100installatietechniek,totaal,bv,leeuwardenniederlande,100œ˜100isofitters,bvba,herentalsbelgien,100œ˜100isoprofs,belgië,bvba,hasseltbelgien,100œ˜100isoprofs,bv,meijelniederlande,100œ˜100iswitch,gmbh,essen,100œ˜100it™s,a,beautiful,world,bv,amersfoortniederlande,100œ˜100klima,és,hutéstechnológia,tervezo,szerelo,és,kereskedelmi,kft,budapest,ungarn,5konnektor,bv,amsterdamniederlande,100œ˜100koprivnica,opskrba,doo,koprivnicakroatien,75œ˜75koprivnica,plin,doo,koprivnicakroatien,75œ˜75lechwerke,ag,augsburg,90œ˜90leitungspartner,gmbh,düren,100œ˜100lew,anlagenverwaltung,gesellschaft,beschränkter,haftung,gundremmingen,100œ˜100lew,beteiligungsgesellschaft,mbh,gundremmingen,100œ˜100lew,netzservice,gmbh,augsburg,100œ˜100lew,service,consulting,gmbh,augsburg,100œ˜100lew,telnet,gmbh,neusäß,100œ˜100lew,verteilnetz,gmbh,augsburg,100œ˜100licht,groen,bv,amsterdamniederlande,100œ˜100livisi,gmbh,essen,100œ˜1001,strukturierte,einheit,gemäß,ifrs,10,12,2,beherrschung,gesellschaftsvertragliche,vereinbarung,3,beherrschung,aufgrund,gesellschaftsvertraglicher,vereinbarung,4,maßgeblicher,ein˛uss,mittelbare,beteiligungen,5,zugang,2019,konzernabschluss,aufstellung,anteilsbesitzes,teil,anhangs,201,anteilsveränderungen,wechsel,beherrschungsstatus,anteil,31122019,in˜anteil,31122018,in˜veränderung,abgänge,verbundener,unternehmen,konzernabschluss,einbezogen,mifonds,178,frankfurt,main,100œ˜100mifonds,f55,frankfurt,main,100œ˜100mifonds,g55,frankfurt,main,100œ˜100mifonds,j55,frankfurt,main,100œ˜100mifonds,k55,frankfurt,main,100œ˜100mitgas,mitteldeutsche,gasversorgung,gmbh,halle,saale,75œ˜75mitteldeutsche,netzgesellschaft,gas,mbh,halle,saale,100œ˜100mitteldeutsche,netzgesellschaft,strom,mbh,halle,saale,100œ˜100mittlere,donau,kraftwerke,ag,münchen,401œ˜40montcogim,œ,plinara,doo,sveta,nedeljakroatien,100œ˜100nederland,isoleert,bv,amersfoortniederlande,100œ˜100nederland,schildert,bv,amersfoortniederlande,100œ˜100nederland,schildert,rijnmond,bv,amersfoortniederlande,100œ˜100nederland,verkoopt,bv,amersfoortniederlande,100œ˜100new,ag,mönchengladbach,402œ˜40new,netz,gmbh,geilenkirchen,100œ˜100new,niederrhein,energie,wasser,gmbh,mönchengladbach,100œ˜100new,niederrheinwasser,gmbh,viersen,100œ˜100new,tönisvorst,gmbh,tönisvorst,98œ˜98new,viersen,gmbh,viersen,100œ˜100npower,business,and,social,housing,limited,swindongroßbritannien,100œ˜100npower,commercial,gas,limited,swindongroßbritannien,100œ˜100npower,direct,limited,swindongroßbritannien,100œ˜100npower,financial,service,limited,swindongroßbritannien,100œ˜100npower,gas,limited,swindongroßbritannien,100œ˜100npower,group,limited,swindongroßbritannien,100œ˜100npower,limited,swindongroßbritannien,100œ˜100npower,northern,limited,swindongroßbritannien,100œ˜100npower,yorkshire,limited,swindongroßbritannien,100œ˜100npower,yorkshire,supply,limited,swindongroßbritannien,100œ˜100octopus,electrical,limited,swindongroßbritannien,100œ˜100oie,aktiengesellschaft,idaroberstein,100œ˜100plus,shipping,service,limited,swindongroßbritannien,100œ˜100powerhouse,bv,almereniederlande,100œ˜100ps,energy,uk,limited,swindongroßbritannien,100œ˜100recargo,inc,el,segundousa,100œ˜100regionetz,gmbh,aachen,492œ˜49rheinsieg,netz,gmbh,siegburg,100œ˜100rhenag,rheinische,energie,aktiengesellschaft,köln,67œ˜671,strukturierte,einheit,gemäß,ifrs,10,12,2,beherrschung,gesellschaftsvertragliche,vereinbarung,3,beherrschung,aufgrund,gesellschaftsvertraglicher,vereinbarung,4,maßgeblicher,ein˛uss,mittelbare,beteiligungen,5,zugang,2019,202,anteilsveränderungen,wechsel,beherrschungsstatus,anteil,31122019,in˜anteil,31122018,in˜veränderung,abgänge,verbundener,unternehmen,konzernabschluss,einbezogen,rl,besitzgesellschaft,mbh,gundremmingen,100œ˜100rl,beteiligungsverwaltung,beschr,haft,ohg,gundremmingen,100œ˜100rumm,limited,ystrad,mynachgroßbritannien,100œ˜100rwe,cogen,uk,hythe,limited,swindongroßbritannien,100œ˜100rwe,cogen,uk,limited,swindongroßbritannien,100œ˜100rwe,energija,doo,zagrebkroatien,100œ˜100rwe,generation,belgium,nv,antwerpenbelgien,100œ˜100rwe,hrvatska,doo,zagrebkroatien,100œ˜100rwe,ljubljana,doo,ljubljanaslowenien,100œ˜100rwe,plin,doo,zagrebkroatien,100œ˜100rwe,supply,trading,switzerland,sa,genfschweiz,100œ˜100rww,rheinischwestfälische,wasserwerksgesellschaft,mbh,mülheim,ruhr,80œ˜80sario,grundstücksvermietungsgesellschaft,mbh˜˜co,objekt,würzburg,kg,düsseldorf,1stadtwerke,düren,gmbh,düren,502œ˜50südwestsächsische,netz,gmbh,crimmitschau,100œ˜100süwag,energie,ag,frankfurt,main,78œ˜78süwag,grüne,energien,wasser,gmbh,frankfurt,main,100œ˜100süwag,vertrieb,ag˜˜co,kg,frankfurt,main,100œ˜100syna,gmbh,frankfurt,main,100œ˜100überlandwerk,krumbach,gmbh,krumbach,75œ˜75verteilnetz,plauen,gmbh,plauen,100œ˜100vkbgmbh,neunkirchen,50œ˜50volta,energycare,nv,houthalenhelchterenbelgien,100œ˜100volta,limburg,bv,schinnenniederlande,100œ˜100volta,service,bv,schinnenniederlande,100œ˜100volta,solar,bv,heerlenniederlande,95œ˜95volta,solar,vof,heerlenniederlande,60œ˜60vse,aktiengesellschaft,saarbrücken,51œ˜51vse,net,gmbh,saarbrücken,100œ˜100vse,verteilnetz,gmbh,saarbrücken,100œ˜100vws,verbundwerke,südwestsachsen,gmbh,lichtensteinsa,98œ˜98wendelsteinbahn,gesellschaft,beschränkter,haftung,brannenburg,100œ˜100wendelsteinbahn,verteilnetz,gmbh,brannenburg,100œ˜100westerwaldnetz,gmbh,betzdorfalsdorf,100œ˜100westnetz,gmbh,dortmund,100œ˜100wttp,bv,arnhemniederlande,100œ˜100zonnigbeheer,bv,lelystadniederlande,100œ˜1001,strukturierte,einheit,gemäß,ifrs,10,12,2,beherrschung,gesellschaftsvertragliche,vereinbarung,3,beherrschung,aufgrund,gesellschaftsvertraglicher,vereinbarung,4,maßgeblicher,ein˛uss,mittelbare,beteiligungen,5,zugang,2019,konzernabschluss,aufstellung,anteilsbesitzes,teil,anhangs,203,anteilsveränderungen,wechsel,beherrschungsstatus,anteil,31122019,in˜anteil,31122018,in˜veränderung,abgänge,gemeinschaftsunternehmen,aufgrund,anwendung,ifrs,5,equitymethode,bilanziert,avu,aktiengesellschaft,versorgungsunternehmen,gevelsberg,50œ˜50bew,netze,gmbh,wipperfürth,613œ˜61budapesti,disz,közvilagitasi,korlatolt,felelössegü,tarsasag,budapestungarn,50œ˜50energie,nordeifel,gmbh˜˜co,kg,kall,33œ˜33fso,gmbh˜˜co,kg,oberhausen,50œ˜50konsortium,energieversorgung,opel,beschränkt,haftende,ohg,karlstein,673œ˜67prenu,projektgesellschaft,rationelle,energienutzung,neuss,beschränkter,haftung,neuss,50œ˜50rain,biomasse,wärmegesellschaft,mbh,rain,703œ˜70shwrwe,umwelt,aqua,vodogradnja,doo,zagrebkroatien,50œ˜50stadtwerke,dülmen,dienstleistungs,beteiligungsgmbh,co,kg,dülmen,50œ˜50stadtwerke,lingen,gmbh,lingen,em,40œ˜40stromnetz,friedberg,gmbh,co,kg,friedberg,49œ˜49stromnetz,gersthofen,gmbh,co,kg,gersthofen,49œ˜49stromnetz,günzburg,gmbh,co,kg,günzburg,49œ˜49svsversorgungsbetriebe,gmbh,stadtlohn,30œ˜30zagrebacke,otpadne,vode,doo,zagrebkroatien,49œ˜49abgänge,assoziierter,unternehmen,aufgrund,anwendung,ifrs,5,equitymethode,bilanziert,dortmunder,energie,wasserversorgung,gesellschaft,beschränkter,haftung,dortmund,40œ˜40energieserviceplus,gmbh,düsseldorf,49œ˜49energieversorgung,guben,gmbh,guben,45œ˜45energieversorgung,hürth,gmbh,hürth,25œ˜25energieversorgung,oberhausen,aktiengesellschaft,oberhausen,104œ˜10enni,energie˜˜umwelt,niederrhein,gmbh,moers,20œ˜20eregio,gmbh˜˜co,kg,euskirchen,43œ˜43ewr,aktiengesellschaft,worm,14œ˜1ewr,dienstleistungen,gmbh˜˜co,kg,worm,25œ˜25ewr,gmbh,remscheid,20œ˜20freiberger,stromversorgung,gmbh,fsg,freiberg,30œ˜30gas,wasserwerke,bous,œ,schwalbach,gmbh,bous,49œ˜49kemkens,bv,ossniederlande,49œ˜49kew,kommunale,energie,wasserversorgung,aktiengesellschaft,neunkirchen,29œ˜29maingau,energie,gmbh,obertshausen,47œ˜47medl,gmbh,mülheim,ruhr,39œ˜39nebelhornbahnaktiengesellschaft,oberstdorf,20œ˜20pfalzwerke,aktiengesellschaft,ludwigshafen,rhein,27œ˜27projecta,14,gmbh,saarbrücken,50œ˜501,strukturierte,einheit,gemäß,ifrs,10,12,2,beherrschung,gesellschaftsvertragliche,vereinbarung,3,beherrschung,aufgrund,gesellschaftsvertraglicher,vereinbarung,4,maßgeblicher,ein˛uss,mittelbare,beteiligungen,5,zugang,2019,204,anteilsveränderungen,wechsel,beherrschungsstatus,anteil,31122019,in˜anteil,31122018,in˜veränderung,abgänge,assoziierter,unternehmen,aufgrund,anwendung,ifrs,5,equitymethode,bilanziert,propan,rheingas,gmbh˜˜co,kommanditgesellschaft,brühl,30œ˜30recklinghausen,netzgesellschaft,mbh˜˜co,kg,recklinghausen,50œ˜50rheinenergie,ag,köln,20œ˜20rheinmaindonau,gmbh,münchen,23œ˜23siegener,versorgungsbetriebe,gmbh,siegen,25œ˜25spreegas,gesellschaft,gasversorgung,energiedienstleistung,mbh,cottbus,33œ˜33ssw,œ,stadtwerke,st,wendel,gmbh˜˜co,kg,st,wendel,50œ˜50stadtwerke,aschersleben,gmbh,aschersleben,35œ˜35stadtwerke,bernburg,gmbh,bernburg,saale,45œ˜45stadtwerke,bitterfeldwolfen,gmbh,bitterfeldwolfen,40œ˜40stadtwerke,duisburg,aktiengesellschaft,duisburg,20œ˜20stadtwerke,emmerich,gmbh,emmerich,rhein,25œ˜25stadtwerke,essen,aktiengesellschaft,essen,29œ˜29stadtwerke,geldern,gmbh,geldern,49œ˜49stadtwerke,gmbh,bad,kreuznach,bad,kreuznach,25œ˜25stadtwerke,kamplintfort,gmbh,kamplintfort,49œ˜49stadtwerke,kirn,gmbh,kirnnahe,49œ˜49stadtwerke,meerane,gmbh,meerane,25œ˜25stadtwerke,meerbusch,gmbh,meerbusch,40œ˜40stadtwerke,merseburg,gmbh,merseburg,40œ˜40stadtwerke,merzig,gesellschaft,beschränkter,haftung,merzig,50œ˜50stadtwerke,neuss,energie,wasser,gmbh,neuss,25œ˜25stadtwerke,radevormwald,gmbh,radevormwald,50œ˜50stadtwerke,ratingen,gmbh,ratingen,25œ˜25stadtwerke,reichenbachvogtland,gmbh,reichenbach,vogtland,25œ˜25stadtwerke,saarlouis,gmbh,saarlouis,49œ˜49stadtwerke,velbert,gmbh,velbert,30œ˜30stadtwerke,weißenfels,gesellschaft,beschränkter,haftung,weißenfels,25œ˜25stadtwerke,willich,gesellschaft,beschränkter,haftung,willich,25œ˜25stadtwerke,zeitz,gmbh,zeitz,25œ˜25swte,netz,gmbh˜˜co,kg,ibbenbüren,33œ˜33tankey,bv,™shertogenboschniederlande,43œ˜43wvw,wasser,energieversorgung,kreis,st,wendel,gesellschaft,beschränkter,haftung,st,wendel,28œ˜28xelan,sa,saintdenis,la,plainefrankreich,34œ˜34zagrebacke,otpadne,vodeupravljanje,i,pogon,doo,zagrebkroatien,31œ˜31zwickauer,energieversorgung,gmbh,zwickau,27œ˜27konzernabschluss,aufstellung,anteilsbesitzes,teil,anhangs,205,anteilsveränderungen,wechsel,beherrschungsstatus,anteil,31122019,in˜anteil,31122018,in˜veränderung,verbundene,unternehmen,konzernabschluss,einbezogen,friel,guardionara,srl,bozenitalien,51100œ˜49innogy,indeland,windpark,eschweiler,gmbh˜˜co,kg,eschweiler,51100œ˜49kernkraftwerk,gundremmingen,gmbh,gundremmingen,1007525kernkraftwerke,lippeems,gesellschaft,beschränkter,haftung,lingen,em,100991kernkraftwerksbeteiligung,lippeems,beschränkt,haftende,ohg,lingenems,1008812rwe˜˜turcas,güney,elektrik,üretim,a,ankaratürkei,70700206,38,organe,teil,anhangs,aufsichtsrat,ende,amtszeit,hauptversammlung,2021,dr,werner,brandt,bad,homburg,vorsitzender,vorsitzender,aufsichtsrats,prosiebensat1,medium,se,geburtsjahr,1954,mitglied,seit,18,april,2013,mandate,ł,prosiebensat1,medium,se,vorsitz,1ł,siemens,ag,1frank,bsirske,2berlin,stellvertretender,vorsitzender,ehem,vorsitzender,verdi,vereinte,dienstleistungs,gewerkschaft,geburtsjahr,1952,mitglied,seit,9,januar,2001,mandate,ł,db,privat,firmenkundenbank,ag,ł,deutsche,bank,ag,1ł,innogy,se,13michael,bochinsky2grevenbroich,stellvertretender,gesamtbetriebsratsvorsitzender,rwe,power,ag,geburtsjahr,1967,mitglied,seit,1,august,2018,reiner,böhle,24witten,referent,sonderaufgaben,projektarbeiten,westnetz,gmbh,geburtsjahr,1960,mitglied,1,januar,2013,18,september,2019,sandra,bossemeyer,2duisburg,betriebsratsvorsitzende,rwe,ag,schwerbehindertenvertreterin,geburtsjahr,1965,mitglied,seit,20,april,2016,martin,bröker,2bochum,leiter,hr˜˜business,function,it,rwe,generation,se,geburtsjahr,1966,mitglied,seit,1,september,2018,anja,dubbert2essenbusiness,development,managermitglied,betriebsrats,rwe,supply,trading,gmbh,geburtsjahr,1979,mitglied,seit,27,september,2019,matthias,dürbaum2heimbach,vorsitzender,betriebsrats,tagebau,hambach,geburtsjahr,1987,mitglied,seit,27,september,2019,ute,gerbaulet,düsseldorf,persönlich,haftende,gesellschafterin,bankhaus,lampe,kg,geburtsjahr,1968,mitglied,seit,27,april,2017,mandate,nrwbank,aör,prof,dring,dring,e,h,hanspeter,keitel,essen,ehem,vorsitzender,vorstands,hochtief,ag,geburtsjahr,1947,mitglied,seit,18,april,2013,mandate,ł,nationalbank,ag,consolidated,contractor,group,sal,stand,28,februar,2020,ł,mitgliedschaft,gesetzlich,bildenden,aufsichtsräten,i˜s˜d,§˜125,aktg,mitgliedschaft,vergleichbaren,ausländischen,kontrollgremien,wirtschaftsunternehmen,i˜s˜d,§˜125,aktg,1,börsennotiertes,unternehmen,2,vertreter,arbeitnehmer,3,konzerninternes,mandat,18,september,2019,4,angaben,beziehen,zeitpunkt,ausscheidens,konzernabschluss,organe,teil,anhangs,207,mag,dr,h˜c,monika,kircher,krumpendorf,österreich,beraterin,geburtsjahr,1957,mitglied,seit,15,oktober,2016,mandate,andritz,ag,1,kärntner,energieholding,beteiligungs,gmbh,vorsitz,3,kelagkärntner,elektrizitäts,ag,13,siemens,ag,österreich,monika,krebber,24mülheim,ruhr,stellvertretende,gesamtbetriebsratsvorsitzende,innogy,segeburtsjahr,1962,mitglied,20,april,2016,18,september,2019,mandate,ł,innogy,se,13harald,louis,2jülich,gesamtbetriebsratsvorsitzender,rwe,power,ag,geburtsjahr,1967,mitglied,seit,20,april,2016,mandate,ł,rwe,power,ag,5dagmar,mühlenfeld,mülheim,ruhr,oberbürgermeisterin,a˜d,stadt,mülheim,ruhr,geschäftsführerin,juni,ggmbh,junioruni,ruhr,geburtsjahr,1951,mitglied,seit,4,januar,2005,peter,ottmann,nettetal,geschäftsführer,verbands,kommunalen,rweaktionäre,gmbh,rechtsanwalt,landrat,a,d,kreis,viersen,geburtsjahr,1951,mitglied,seit,20,april,2016,günther,schartz,wincheringen,landrat,landkreises,triersaarburg,geburtsjahr,1962,mitglied,seit,20,april,2016,mandate,art,abfallberatungs,verwertungsgesellschaft,mbh,vorsitz,kreiskrankenhaus,st,franziskus,saarburg,gmbh,vorsitz,sparkassenverband,rheinlandpfalz,sparkasse,trier,vorsitz,trierer,hafengesellschaft,mbh,zweckverband,abfallwirtschaft,region,trier,dr,erhard,schipporeit,hannover,selbstständiger,unternehmensberater,geburtsjahr,1949,mitglied,seit,20,april,2016,mandate,ł,bdo,ag,ł,fuchs,petrolub,se,1ł,hannover,rück,se,1ł,hdi,v˜a˜g,ł,talanx,ag,1ł,mitgliedschaft,gesetzlich,bildenden,aufsichtsräten,i˜s˜d,§˜125,aktg,mitgliedschaft,vergleichbaren,ausländischen,kontrollgremien,wirtschaftsunternehmen,i˜s˜d,§˜125,aktg,1,börsennotiertes,unternehmen,2,vertreter,arbeitnehmer,3,konzerninternes,mandat,18,september,2019,4,angaben,beziehen,zeitpunkt,ausscheidens,5,konzerninternes,mandat,208,dr,wolfgang,schüssel,wien,österreich,bundeskanzler,a˜d,republik,österreich,geburtsjahr,1945,mitglied,seit,1,märz,2010,mandate,adenauer,stiftung,vorsitzender,kuratoriums,pjsc,lukoil,1ullrich,sierau,dortmund,oberbürgermeister,stadt,dortmund,geburtsjahr,1956,mitglied,seit,20,april,2011,mandate,ł,dortmunder,energie,wasserversorgung,gmbh,vorsitz,ł,dortmunder,stadtwerke,ag,vorsitz,ł,dortmunder,stadtwerke,holding,gmbh,vorsitz,ł,keb,holding,ag,vorsitz,ksbg,kommunale,verwaltungsgesellschaft,gmbh,schüchtermannschiller™sche,kliniken,bad,rothenfelde,gmbh˜˜co,kg,sparkasse,dortmund,vorsitz,ralf,sikorski,2hannover,stellvertretender,vorsitzender,ig,bergbau,chemie,energie,geburtsjahr,1961,mitglied,seit,1,juli,2014,mandate,ł,chemie,pensionsfonds,ag,vorsitz,ł,lanxess,ag,1ł,lanxess,deutschland,gmbh,ł,rag,ag,ł,rwe,generation,se,5ł,rwe,power,ag,5,ksbg,kommunale,verwaltungsgesellschaft,gmbh,marion,weckes,2dormagenreferatsleiterin,institut,mitbestimmung,unternehmensführung,hansböcklerstiftung,geburtsjahr,1975,mitglied,seit,20,april,2016,leonhard,zubrowski,2lippetal,konzernbetriebsratsvorsitzender,rwe,ag,geburtsjahr,1961,mitglied,seit,1,juli,2014,mandate,ł,rwe,generation,se,5,ł,mitgliedschaft,gesetzlich,bildenden,aufsichtsräten,i˜s˜d,§˜125,aktg,mitgliedschaft,vergleichbaren,ausländischen,kontrollgremien,wirtschaftsunternehmen,i˜s˜d,§˜125,aktg,1,börsennotiertes,unternehmen,2,vertreter,arbeitnehmer,3,konzerninternes,mandat,18,september,2019,4,angaben,beziehen,zeitpunkt,ausscheidens,5,konzerninternes,mandat,konzernabschluss,organe,teil,anhangs,209,ausschüsse,aufsichtsrats,präsidium,aufsichtsrats,dr,werner,brandt,vorsitz,frank,bsirske,sandra,bossemeyer,anja,dubbert,matthias,dürbaum,prof,dr,hanspeter,keitel,dagmar,mühlenfeld,dr,wolfgang,schüssel,vermittlungsausschuss,§˜27,ab,3,mitbestg,dr,werner,brandt,vorsitz,frank,bsirske,dr,wolfgang,schüssel,ralf,sikorski,personalausschuss,dr,werner,brandt,vorsitz,frank,bsirske,harald,louis,peter,ottmann,dr,wolfgang,schüssel,leonhard,zubrowski,prüfungsausschuss,dr,erhard,schipporeit,vorsitz,michael,bochinsky,mag,dr,h,c,monika,kircher,ullrich,sierau,ralf,sikorski,marion,weckes,nominierungsausschuss,dr,werner,brandt,vorsitz,prof,dr,hanspeter,keitel,peter,ottmann,strategieausschuss,dr,werner,brandt,vorsitz,frank,bsirske,prof,dr,hanspeter,keitel,günther,schartz,ralf,sikorski,leonhard,zubrowski,210,vorstand,dr,rolf,martin,schmitz,vorstandsvorsitzender,vorsitzender,vorstands,rwe,ag,seit,15,oktober,2016mitglied,vorstands,rwe,ag,seit,1,mai,2009,bestellt,30,juni,2021,arbeitsdirektor,rwe,ag,seit,1,mai,2017,mandate,ł,amprion,gmbh,ł,eon,se,1ł,rwe,generation,se,5,vorsitz,ł,rwe,power,ag,5,vorsitz,ł,rwe,supply˜˜trading,gmbh,5ł,tüv,rheinland,ag,jaeger,grund,gmbh˜˜co,kg,jaeger,gruppe,vorsitz,kärntner,energieholding,beteiligungs,gmbh,3,kelagkärntner,elektrizitäts,ag,13dr,markus,krebber,finanzvorstand,mitglied,vorstands,rwe,ag,seit,1,oktober,2016,bestellt,30,september,2024,mandate,ł,rwe,generation,se,5ł,rwe,pensionsfonds,ag,5,vorsitz,ł,rwe,power,ag,5ł,rwe,supply˜˜trading,gmbh,5,vorsitz,ł,mitgliedschaft,gesetzlich,bildenden,aufsichtsräten,i˜s˜d,§˜125,aktg,mitgliedschaft,vergleichbaren,ausländischen,kontrollgremien,wirtschaftsunternehmen,i˜s˜d,§˜125,aktg,1,börsennotiertes,unternehmen,2,vertreter,arbeitnehmer,3,konzerninternes,mandat,18,september,2019,4,angaben,beziehen,zeitpunkt,ausscheidens,5,konzerninternes,mandat,konzernabschluss,organe,teil,anhangs,211,39,bestätigungsvermerk,unabhängigen,abschlussprüfers,rwe,aktiengesellschaft,essen,vermerk,prüfung,konzernabschlusses,konzernlageberichts,prüfungsurteile,konzernabschluss,rwe,aktiengesellschaft,essen,tochtergesellschaften,konzern,œ,bestehend,bilanz,31,dezember,2019,gewinn,verlustrechnung,gesamtergebnisrechnung,kapital˚ussrechnung,veränderung,eigenkapitals,geschäftsjahr,1,januar,31,dezember,2019,sowie,anhang,einschließlich,zusammenfassung,bedeutsamer,rechnungslegungsmethoden,œ,geprüft,darüber,hinaus,konzernlagebericht,rwe,aktiengesellschaft,lagebericht,gesellschaft,zusammengefasst,geschäftsjahr,1,januar,31,dezember,2019,geprüft,abschnitt,—sonstige,infor,mationenﬁ,bestätigungsvermerks,genannten,bestandteile,konzernlageberichts,einklang,deutschen,gesetzlichen,vorschriften,inhaltlich,geprüft,unserer,beurteilung,aufgrund,prüfung,gewon,nenen,erkenntnisse,ł,entspricht,beigefügte,konzernabschluss,wesentlichen,belangen,ifrs,eu,anzuwenden,ergänzend,§˜315e,abs˜1,hgb,anzuwendenden,deutschen,gesetzlichen,vorschriften,vermittelt,beachtung,vorschriften,tatsächlichen,verhältnissen,entsprechendes,bild,vermögens,finanzlage,konzerns,31,dezember,2019,sowie,ertragslage,geschäftsjahr,1,januar,31,dezember,2019,ł,vermittelt,beigefügte,konzernlagebericht,insgesamt,zutre˛endes,bild,lage,konzerns,wesent,lichen,belangen,steht,konzernlagebericht,einklang,konzernabschluss,entspricht,deutschen,gesetzlichen,vorschriften,stellt,chancen,risiken,zukünfti,gen,entwicklung,zutreffend,dar,prüfungsurteil,konzern,lagebericht,erstreckt,inhalt,abschnitt,—sonstige,informationenﬁ,genannten,bestandteile,konzern,lageberichts,gemäß,§˜322,ab,3,satz,1,hgb,erklären,prüfung,einwendungen,ordnungsmäßigkeit,konzernabschlusses,konzernlageberichts,geführt,grundlage,prüfungsurteile,prüfung,konzernabschlusses,konzernlageberichts,übereinstimmung,§˜317,hgb,euabschlussprüferverordnung,nr,5372014,folgenden,—euaprvoﬁ,beachtung,institut,wirtschafts,prüfer,idw,festgestellten,deutschen,grundsätze,ordnungsmäßiger,abschlussprüfung,durchgeführt,prüfung,konzernabschlusses,ergänzender,beachtung,international,stan,dard,on,auditing,isa,durchgeführt,verantwortung,vorschriften,grundsätzen,standard,abschnitt,—ver,antwortung,abschlussprüfers,prüfung,konzern,abschlusses,konzernlageberichtsﬁ,bestätigungs,vermerks,weitergehend,beschrieben,konzern,unternehmen,unabhängig,übereinstimmung,europarechtlichen,sowie,deutschen,handelsrechtlichen,berufsrechtlichen,vorschriften,sonstigen,deutschen,berufsp˚ichten,übereinstimmung,anfor,derungen,erfüllt,darüber,hinaus,erklären,gemäß,artikel,10,ab,2,buchst,f,euaprvo,verbotenen,nichtprüfungs,leistungen,artikel,5,ab,1,euaprvo,erbracht,au˛assung,erlangten,prüfungsnachweise,ausreichend,geeignet,grundlage,prüfungsurteile,konzernabschluss,konzernlage,bericht,dienenbesonders,wichtige,prüfungssachverhalte,prüfung,konzernabschlusses,besonders,wichtige,prüfungssachverhalte,sachverhalte,p˚ichtgemäßen,ermessen,bedeutsamsten,unserer,prüfung,konzernabschlusses,geschäftsjahr,1,januar,31,dezember,2019,sachverhalte,wurden,zusammenhang,unserer,prüfung,konzernab,schlusses,ganzem,bildung,prüfungsurteils,hierzu,berücksichtigt,geben,gesondertes,prüfungsurteil,sachverhalten,ab,unserer,sicht,folgende,sachverhalte,bedeutsamsten,unserer,prüfung,entkonsolidierung,fortgeführter,aktivitäten,unternehmenserwerbe,bilanzielle,auswirkungen,kohleausstiegs,werthaltigkeit,geschäfts,firmenwerte,darstellung,besonders,wichtigen,prüfungssach,verhalte,jeweils,folgt,strukturiert,sachverhalt,problemstellung,prüferisches,vorgehen,erkenntnisse,verweis,weitergehende,informationen,212,nachfolgend,stellen,besonders,wichtigen,prüfungs,sachverhalte,dar,entkonsolidierung,fortgeführter,aktivitäten,12,märz,2018,rwe,aktiengesellschaft,eon,se,folgenden,eon,se,tochter,gesellschaften,bezeichnung,—eonﬁ,abgekürzt,veräuße,rungen,erwerbe,geschäftsbereichen,vereinbart,wurde,dabei,folgendes,geregelt,rwe,ag,überträgt,sämtliche,anteile,innogy,se,innogy,768˜,eon,weiteren,behält,konzern,insbesondere,erneuerbare,energiengeschäft,gasspeicheraktivitäten,innogy,sowie,beteiligung,kelagkärntner,elektrizitätsag,kärntner,energieholding,beteiligungs,gmbh,klagenfurt,österreich,zurück,erneuerbareenergiengeschäft,eon,rwe,übertragen,seit,30,juni,2018,bilanzierte,rwe,aktiengesellschaft,langfristig,eon,übertragenden,teile,innogy,œ,wesentlichen,netz,vertriebsgeschäft,œ,fortgeführte,aktivitäten,gemäß,ifrs,5,zustimmung,kartellbehörden,fand,18,september,2019,veräußerung,innogy,aktien,erste,teiltrans,aktion,statt,fortgeführten,aktivitäten,wurden,daher,œ,zurückbehaltung,relation,unwesentlichen,anteils,slowakischen,strom,gasversorger,východoslovenská,energetika,holding,a,vseh,voraussichtlich,2020,eon,übertragen,œ,entkonsolidiert,eigenkapitalwert,hingegebenen,vermögenswerte,höhe,rund,35,mrd˜•,stand,beizulegender,zeitwert,empfangenen,gegenleistung,höhe,etwa,128,mrd˜•,gegenüber,berücksichtigung,weiterer,technischer,entkonsolidierungse˛ekte,wesentlichen,umgliederung,entkonsolidierten,tochtergesellschaften,entfallenden,sonstigen,ergebnisses,sog,—recyclingﬁ,gewinn,verlustrechnung,au˚eben,bislang,konzerninterner,geschäfts,vorfälle,neuen,konzernaußengrenze,innogy,ergab,entkonsolidierungserfolg,insgesamt,81,mrd˜•,ertrag,ergebnis,fortgeführter,aktivitäten,ausgewiesen,gleichzeitig,entkonsolidierung,netz,vertriebs,geschäfts,übernahm,rwe,alleinige,kontrolle,erneuerbareenergiengeschäft,innogy,buchwert,607,mio˜•,bisherigen,minderheitsaktionäre,erneuerbare,energiengeschäfts,ebene,innogy,se,bestanden,wurde,entsprechend,18˜september,2019,erfolgs,neutral,gewinnrücklagen,minderung,gewinn,rücklagen,347˜mio˜•,ausgebucht,entkonsolidierungsrechnung,aufgrund,komplexität,vertraglichen,abreden,bilanziellen,vorschriften,sowie,insgesamt,wesentlichen,betragsmäßigen,auswirkungen,transaktion,vermögens,finanz,ertragslage,rwe,konzerns,besonderem,belang,prüfung,rahmen,unserer,prüfung,zunächst,beurteilt,bedingungen,bilanziellen,abbildung,transaktion,grunde,erfüllt,z˜b,zustimmungen,kartellbehörden,durchführung,transaktion,vorliegen,voraussetzungen,entkonsolidierung,ifrs,10,erfüllt,anschließend,beurteilt,vermögenswerte,rahmen,entkonsolidierung,berücksichtigen,zweck,vertrag,lichen,vereinbarungen,eon,nachvollzogen,zugrundliegende,itkonzept,durchführung,entkonsoli,dierung,sowie,umsetzung,konsolidierungssystem,beurteilt,grundlage,nachvollzogen,abgrenzung,entkonsolidierenden,vermögens,werte,entkonsolidierenden,vermögenswerten,vseh,sachgerecht,erfolgt,zudem,angemessenheit,methodischen,rechnerischen,vorgehens,entkonsolidierungsrechnung,entsprechend,ifrs,10,gewürdigt,höhe,eigen,kapitalwertes,hingegebenen,vermögenswerte,fortgeführten,aktivitäten,18,september,2019,beurteilt,außerdem,höhe,empfangenen,gegenleistung,mittels,verträge,weiterer,korrespondenzen,eon,sowie,berechnungen,gesellschaft,nachvollzogen,dabei,insbesondere,zuordnung,entkonsolidierungs,rechnung,berechnung,ausbuchung,minderheits,gesellschafter,erneuerbareenergiengeschäft,be,trachtet,zudem,ermittlung,neuen,konzern,außengrenze,auflebenden,vermögenswerte,schulden,insbesondere,derivate,nachvollzogen,deren,ansatz,bewertung,konzernbilanz,beurteilt,außerdem,zusammenhang,übernahme,alleinigen,kontrolle,erneuerbareenergien,geschäft,innogy,rwe,nachvollzogen,buchwert,bisherigen,minderheitsaktionäre,ebene,innogy,se,bestanden,sachgerecht,erfolgsneutral,gewinn,rücklagen,ausgebucht,wurde,entkonsolidierung,fortgeführter,aktivitäten,zugrunde,liegenden,einschätzungen,annahmen,gesetzlichen,vertreter,unserer,sicht,hinreichend,dokumentiert,sowie,begründet,führen,insgesamt,sachgerechten,abbildung,konzernabschluss,ifrs,5,geforderten,angaben,entkonsolidierung,konzernanhang,abschnitt,—veräußerungen,fortgeführte,aktivitätenﬁ,enthalten,abschnitt,˝nden,erläuterungen,veräußerung,ergänzend,˝nden,angaben,konzerns,transaktion,allgemeinen,abschnitt,—strategie,strukturﬁ,konzernlageberichts,konzernabschluss,bestätigungsvermerk,unabhängigen,abschlussprüfers,213,unternehmenserwerbe,12,märz,2018,rwe,aktiengesellschaft,eon,se,folgenden,eon,se,tochter,gesellschaften,bezeichnung,—eonﬁ,abgekürzt,veräuße,rungen,erwerbe,geschäftsbereichen,vereinbart,wurde,dabei,folgendes,geregelt,rwe,ag,überträgt,sämtliche,anteile,innogy,se,innogy,768˜,eon,dabei,verbleiben,erneuerbareenergiengeschäft,gasspeicheraktivitäten,innogy,sowie,beteiligung,kelagkärntner,elektrizitätsagkärntner,energieholding,beteiligungs,gmbh,klagenfurtösterreich,rwekonzern,erneuerbareenergiengeschäft,eon,rwe,übertragen,wirtschaftliche,rechtliche,übertragung,erneuerbare,energiengeschäftes,eon,rwe,unternehmens,zusammenschluss,gemäß,ifrs,3,bilanziert,fand,september,2019,statt,erfolgte,erstkonsolidierung,18,september,2019,vorläu˝ge,kaufpreis,berück,sichtigung,kaufpreisanpassungen,betrug,3593,mio˜•,erworbenen,identi˝zierten,vermögenswerte,übernom,menen,schulden,erneuerbarenenergiengeschäftes,eon,wurden,erwerbszeitpunkt,beizulegenden,zeitwerten,angesetzt,berücksichtigung,erworbenen,nettovermögens,2940,mio˜•,ergab,geschäfts,firmenwert,653,mio˜•,beizulegenden,zeitwerte,sowie,geschäfts,firmenwert,aufgrund,vollständig,abgeschlossenen,kaufpreisallokation,31,dezember,2019,vorläu˝g,kaufpreisallokation,aufgrund,komplexität,vertraglichen,abreden,bilanziellen,vorschriften,besonderer,bedeutung,prüfung,rahmen,unserer,prüfung,abbildung,erwerbs,erneuerbareenergiengeschäfts,eon,zunächst,verständnis,zugrundeliegenden,vertraglichen,regelungen,verscha˛t,bestimmung,stichtags,kontrollerwerb,sowie,vorläu˝gen,kaufpreises,nachvollzogen,darauf,aufbauend,unternehmenserwerb,zugrundeliegende,erö˛nungsbilanz,beurteilt,dabei,ansatz,bewertung,vermögenswerte,schulden,gewürdigt,beinhaltete,deren,identi˝zierung,anwendung,einheitlicher,bilanzie,rung,bewertungsmethoden,sowie,bilanzierung,vorläu˝gen,beizulegenden,zeitwerten,erstkonsolidierungs,zeitpunkt,zusammenhang,insbesondere,unterstützung,externen,sachverständigen,rwe,ermittelten,vorläu˝gen,beizulegenden,zeitwerte,beurteilt,hierbei,bewertungen,zugrunde,liegenden,modelle,sowie,angewandten,bewertungs,para,meter,annahmen,beurteilt,beurteilung,erstreckte,dabei,insbesondere,prüfung,methodischen,rechnerischen,richtigkeit,bewertungsmodelle,ferner,verwendeten,kapitalkosten,gewürdigt,weiterhin,technische,umsetzung,erstkonsolidierung,nachvollzogen,ableitung,vorläu˝gen,geschäfts,firmen,werts,überprüft,konnten,insgesamt,davon,überzeugen,bilanzielle,abbildung,erwerbs,erneuerbareenergien,geschäfts,basis,vorläu˝gen,ergebnisse,kaufpreis,allokation,sachgerecht,erfolgte,hinreichend,dokumentiert,ifrs,3,geforderten,angaben,unternehmens,erwerb,konzernanhang,abschnitt,—unternehmens,erwerbeﬁ,aufgeführt,ergänzend,˝nden,angaben,konzerns,transaktion,allgemeinen,abschnitt,—strategie,strukturﬁ,konzernlageberichts,bilanzielle,auswirkungen,kohleausstiegs,geschäftsjahr,2019,deutschland,nieder,landen,politische,entwicklungen,vorangeschritten,beendigung,kohleverstromung,beiden,ländern,konkretisiert,gilt,verwendung,steinkohle,deutschland,braunkohle,stromerzeugung,sowie,beendigung,entsprechenden,braunkohletagebaue,folgenden,insgesamt,—kohle,ausstiegﬁ,bezeichnet,aufgrund,kürzeren,laufzeiten,steinkohle,braun,kohlekraftwerke,wurden,außerplanmäßige,wertberichtigungen,sachanlagen,höhe,insgesamt,1540,mio˜•,genommen,werthaltigkeit,kraftwerksanlagen,wurde,anhand,beizulegenden,zeitwerte,abzüglich,kosten,veräußerung,überprüft,beizulegenden,zeitwerte,jeweiligen,kraftwerksanlagen,wurden,gesellschaft,jeweils,barwerte,künftigen,zahlungsmittelströme,mittels,discountedcash˚owmodellen,ermittelt,dabei,wurden,gesetzlichen,vertretern,erstellten,planungs,rechnungen,zugrunde,gelegt,langfristige,annahmen,u˜a,hinsichtlich,strom,kohle,co,2zerti˝katspreisen,sowie,geplanten,kraftwerkseinsatzzeiten,beinhalten,ergebnis,bewertungen,hohem,maße,planungs,annahmen,einschätzungen,künftigen,zahlungs,mittelzu˚üsse,gesetzlichen,vertreter,sowie,rahmen,bewertungsmodelle,jeweils,verwendeten,diskon,tierungszinssätzen,abhängig,höhe,außerplanmäßigen,wertberichtigungen,wurde,dadurch,beein˚usst,abgrenzung,zahlungsmittelgenerierenden,einheiten,kraftwerksanlagen,verändert,kohleausstieg,zudem,wesentliche,ursache,erhöhung,rückstellungen,de˝zitäre,strombezugs,verträge,berücksichtigung,kürzeren,laufzeiten,einzelnen,verträgen,zusammenhang,stehenden,steinkohle,kraftwerke,geführt,erwartete,positive,wert,beiträge,späteren,jahren,vertragslaufzeiten,weggefallen,rückstellungen,davon,betro˛enen,de˝zitären,strombezugsverträge,geschäftsjahr,2019,225,mio˜•,gegenüber,vorjahr,gestiegen,214,aufgrund,kohleausstiegs,weitere,rückstellungen,insgesamt,2262,mio˜•,erhöhen,bzw,erstmals,anzusetzen,betri˛t,überwiegend,erhöhung,rekultivierungsrück,stellungen,ermittlung,erfüllungsbetrags,erwarteten,zukünftigen,auszahlungen,stichtagspreisen,zunächst,erwarteten,preissteigerungsraten,eskaliert,danach,angemessenen,zins,diskontiert,dabei,wurden,gesetzlichen,vertretern,verwendung,gutachten,unternehmensexterner,sachverständiger,erstellten,rekultivierungsplanungen,zugrunde,gelegt,eskalationsrate,diskontierungszinssatz,wurden,geschäftsjahr,angepasst,früheren,anfall,ausgaben,aufgrund,kohleausstiegs,marktzinsniveau,zeitraum,re˚ektieren,ergebnis,rückstellungsbewertungen,hohem,maße,planungsannahmen,einschätzungen,gesetzlichen,vertreter,höhe,zeitlichem,anfall,künftigen,zahlungsmittelab˚üsse,sowie,rahmen,bewer,tungsmodelle,verwendeten,eskalationsraten,diskontierungs,zinssätzen,abhängig,rwe,wegen,verknüpfung,braunkohleausstieg,zusammenhang,stehenden,entschädigung,bundesregierung,vorgesehenen,entschädigungsbetrag,höhe,2600,mio˜•,erstattungs,bzw,entschädigungs,anspruch,gestiegenen,bzw,neu,entstehenden,verp˚ich,tungen,sowie,wertminderungen,angesetzt,sonstigen,vermögenswerten,ausgewiesen,bilanzielle,abbildung,feststehenden,erwarteten,auswirkungen,kohleausstiegs,grundlage,geschäftsjahr,2019,erfolgten,zunächst,hinblick,bilanzierungsfähigkeit,grunde,würdigen,konkretisierungen,wesentliche,auswirkungen,vermögens,ertragslage,rwekonzerns,zudem,bewertung,auswirkungen,erheblichen,unsicherheiten,behaftet,komplex,hintergrund,sachverhalt,besonderer,bedeutung,prüfung,rahmen,unserer,prüfung,zunächst,beurteilt,voraussetzungen,bilanzielle,berücksichtigung,kohleausstiegs,grunde,erfüllt,anschließend,beurteilt,vermögenswerte,wert,gemindert,bzw,verp˚ichtungen,wert,erhöht,könnten,sowie,verp˚ichtungen,ansprüche,erstmals,anzusetzen,unserer,prüfung,bewertung,kraftwerksanlagen,sowie,rückstellungen,bestehende,neu,entstandene,verp˚ichtungen,methodische,vorgehen,durchführung,bewertungen,nachvollzogen,ermittlung,diskontierungssätze,eskalations,raten,beurteilt,zudem,beurteilt,bewertun,gen,zugrunde,liegenden,künftigen,zahlungsmittelzu˚üsse,ab˚üsse,zusammenhang,verwendeten,diskon,tierungssätzen,eskalationsraten,insgesamt,sachge,rechte,grundlage,bewertung,bilden,angemessenheit,berechnungen,verwendeten,künftigen,zahlungsmittel,˚üsse,abgleich,angaben,gesetzlichen,vertretern,erstellten,planungsrech,nungen,bzw,rekultivierungsplanungen,sowie,abstimmung,allgemeinen,branchenspezi˝schen,markterwartungen,beurteilt,kenntnis,bereits,relativ,kleine,veränderun,gen,verwendeten,diskontierungszinssätze,bewertung,rekultivierungsrückstellungen,verwendeten,eskalationsraten,teilweise,wesentliche,auswirkungen,höhe,weise,ermittelten,beizulegenden,zeitwerts,abzüglich,kosten,veräußerung,bzw,erfüllungsbetrags,bestimmung,diskontierungszinssätzen,eskalations,raten,herangezo,genen,parameter,beurteilt,jeweilige,berechnungsschema,nachvollzogen,unternehmens,externen,sachverstän,digen,erstellten,gutachten,eingesehen,verwertbarkeit,beurteilt,ua,gutachten,enthaltenen,prämissen,gewürdigt,plausibilisiert,weiterhin,gewürdigt,aktivierung,entschädigungsanspruchs,grunde,höhe,angemessen,bilanziellen,abbildung,kohleausstiegs,zugrunde,liegenden,einschätzungen,annahmen,gesetzlichen,vertreter,unserer,sicht,hinreichend,begründet,dokumentiert,gesetzlichen,vertretern,angewand,ten,bewertungsparameter,annahmen,stimmen,insgesamt,erwartungen,überein,liegen,innerhalb,unserer,sicht,vertretbaren,bandbreiten,angaben,gesellschaft,auswirkungen,kohle,ausstiegs,deutschland,niederlanden,anhang,abschnitt,—erläuterungen,gewinn,verlustrechnungﬁ,unterpunkt,5,—abschreibungenﬁ,abschnitt,—erläute,rungen,bilanzﬁ,unterpunkten,15,—sonstige,forderun,gen,sonstige,vermögenswerteﬁ,sowie,—22,rückstellungenﬁ,enthalten,ergänzend,˝nden,angaben,abschnitt,—politische,rahmenbedingungenﬁ,lageberichts,werthaltigkeit,geschäfts,firmenwerte,konzernabschluss,rwe,aktiengesellschaft,bilanzposten,—immaterielle,vermögenswerteﬁ,ge,schäfts,firmenwerte,höhe,24,mrd˜•,37˜,konzern,bilanzsumme,vorjahr,17,mrd˜•,bzw,2˜,konzern,bilanzsumme,ausgewiesen,posten,enthält,neben,geschäfts,firmenwerten,zahlungsmittelgenerierenden,einheiten,—fortgeführte,innogy,aktivitätenﬁ,—energiehandelﬁ,31,dezember,2019,erstmals,neu,erworbenen,geschäftswert,—übernommenen,eon,aktivitätenﬁ,geschäfts,firmenwerte,jährlich,anlass,bezogen,werthaltigkeitstest,—impairment,testﬁ,zogen,möglichen,abschreibungsbedarf,ermitteln,rahmen,impairment,test,buchwert,jeweiligen,zahlungsmittelgenerierenden,einheiten,inklusive,geschäfts,firmenwerts,entsprechenden,erzielbaren,konzernabschluss,bestätigungsvermerk,unabhängigen,abschlussprüfers,215,betrag,gegenübergestellt,ermittlung,erzielbaren,betrags,erfolgt,grundsätzlich,basis,beizulegenden,zeitwerts,abzüglich,kosten,veräußerung,impairment,test,erfolgen,ebene,derjenigen,zahlungs,mittel,generierenden,einheiten,bzw,gruppen,zahlungsmittel,generierender,einheiten,denen,jeweilige,geschäfts,firmenwert,zugeordnet,grundlage,zwecke,impairment,test,durchgeführten,bewertungen,ermittlung,beizulegenden,zeitwerts,abzüglich,kosten,veräußerung,dabei,barwerte,künftigen,zahlungs,ströme,gesetzlichen,vertretern,erstellten,aufsichtsrat,kenntnis,genommenen,planungsrechnungen,grundsätzlich,kommenden,drei,jahre,mittelfristplanung,ergeben,hierbei,erwartungen,zukünftige,marktentwicklung,länder,spezi˝sche,annahmen,entwicklung,makroökonomischer,größen,berücksichtigt,barwerte,anwendung,discountedcash˚ow,modellen,ermittelt,diskontierung,erfolgt,mittels,durchschnittlichen,gewichteten,kapitalkosten,jeweiligen,zahlungsmittelgenerierenden,einheit,ergebnis,impairment,test,wurde,wertminderungsbedarf,fest,gestellt,ergebnis,bewertungen,hohem,maße,abhängig,davon,gesetzlichen,vertreter,künftigen,zahlungsmittelzuflüsse,zahlungsmittelgenerie,renden,einheiten,einschätzen,sowie,jeweils,ver,wendeten,diskontierungszinssätzen,wachstumsraten,weiteren,annahmen,bewertung,daher,erheblichen,unsicherheiten,behaftet,hintergrund,aufgrund,zugrunde,liegenden,komplexität,bewertung,sachverhalt,rahmen,unserer,prüfung,besonderer,bedeutung,unserer,prüfung,methodische,vorgehen,durchführung,impairment,test,nachvoll,zogen,ermittlung,durchschnittlichen,gewichteten,kapitalkosten,beurteilt,zudem,beurteilt,bewertungen,zugrunde,liegenden,künftigen,zahlungsmittel,zu˚üsse,zusammenhang,angesetzten,gewichteten,kapitalkosten,insgesamt,sachgerechte,grundlage,impairment,test,bilden,angemessenheit,berechnungen,verwendeten,künftigen,zahlungsmittelzu˚üsse,abgleich,angaben,mittelfristplanung,konzerns,sowie,abstimmung,allgemeinen,branchenspezi˝schen,markterwartungen,beurteilt,dabei,sachgerechte,berücksichti,gung,kosten,konzernfunktionen,jeweiligen,zahlungsmittelgenerierenden,einheit,beurteilt,kenntnis,bereits,relativ,kleine,veränderungen,verwendeten,diskontierungszinssatzes,teilweise,wesentliche,auswirkungen,höhe,weise,ermittelten,beizulegenden,zeitwerts,abzüglich,kosten,veräußerung,bestimmung,verwendeten,diskontierungszinssatzes,herangezogenen,parameter,beurteilt,berechnungsschema,nachvollzogen,ferner,ergänzend,gesellschaft,durchgeführten,sensitivitäts,analysen,gewürdigt,mögliches,wertminderungs,risiko,höherer,buchwert,vergleich,erzielbaren,betrag,möglich,gehaltenen,änderung,wesentlichen,annahme,bewertung,einschätzen,gesetzlichen,vertretern,angewandten,bewertungsparameter,annahmen,stimmen,insgesamt,erwartungen,überein,liegen,innerhalb,unserer,sicht,vertretbaren,bandbreiten,angaben,gesellschaft,geschäfts,firmen,werten,anhang,abschnitt,—erläuterungen,bilanzﬁ,unterpunkt,—10,immaterielle,vermögenswerteﬁ,enthalten,sonstige,informationen,gesetzlichen,vertreter,sonstigen,informationen,verantwortlich,sonstigen,informationen,umfassen,folgenden,inhaltlich,geprüften,bestandteile,konzernlageberichts,ł,abschnitt,18,konzernlageberichts,enthaltene,erklärung,unternehmensführung,§˜289f,hgb,§˜315d,hgb,ł,gesonderten,nicht˝nanziellen,konzernbericht,§˜315b,ab,3,hgb,sonstigen,informationen,umfassen,zudem,übrigen,teile,geschäftsberichts,œ,weitergehende,querverweise,externe,informationen,œ,ausnahme,geprüften,konzern,abschlusses,geprüften,konzernlageberichts,sowie,bestätigungs,vermerks,prüfungsurteile,konzernabschluss,konzern,lagebericht,erstrecken,sonstigen,informationen,dementsprechend,geben,weder,prüfungsurteil,irgendeine,form,prüfungsschlussfolgerung,hierzu,ab,zusammenhang,unserer,prüfung,verantwor,tung,sonstigen,informationen,lesen,dabei,würdigen,sonstigen,informationen,ł,wesentliche,unstimmigkeiten,konzernabschluss,konzernlagebericht,prüfung,erlangten,kenntnissen,aufweisen,ł,anderweitig,wesentlich,falsch,dargestellt,erscheinen,fall,grundlage,durchgeführten,arbeiten,schluss,ziehen,wesentliche,falsche,darstellung,sonstigen,informationen,vorliegt,verp˚ichtet,tatsache,berichten,zusammenhang,berichten,216,verantwortung,gesetzlichen,vertreter,aufsichtsrats,konzernabschluss,konzernlagebericht,gesetzlichen,vertreter,verantwortlich,aufstellung,konzernabschlusses,ifrs,eu,anzuwenden,ergänzend,§˜315e,ab,1,hgb,anzuwendenden,deutschen,gesetzlichen,vorschriften,wesentlichen,belangen,entspricht,dafür,konzernabschluss,beachtung,vorschriften,tatsächlichen,verhältnissen,entspre,chendes,bild,vermögens,finanz,ertragslage,konzerns,vermittelt,ferner,gesetzlichen,vertreter,verantwortlich,internen,kontrollen,notwendig,bestimmt,aufstellung,konzernabschlusses,ermöglichen,frei,wesentlichen,œ,beabsichtigten,unbeabsichtigten,œ,falschen,darstellungen,aufstellung,konzernabschlusses,gesetzlichen,vertreter,dafür,verantwortlich,fähigkeit,konzerns,fortführung,unternehmenstätigkeit,beurteilen,weiteren,verantwortung,sachverhalte,zusammenhang,fortführung,unternehmenstätigkeit,sofern,einschlägig,anzugeben,darüber,hinaus,dafür,verantwortlich,grundlage,rechnungslegungsgrundsatzes,fortführung,unternehmenstätigkeit,bilanzieren,sei,besteht,absicht,konzern,liquidieren,einstellung,geschäfts,betriebs,besteht,realistische,alternative,außerdem,gesetzlichen,vertreter,verantwortlich,aufstellung,konzernlageberichts,insgesamt,zutre˛endes,bild,lage,konzerns,vermittelt,sowie,wesentlichen,belangen,konzernabschluss,einklang,steht,deutschen,gesetzlichen,vorschriften,entspricht,chancen,risiken,zukünftigen,entwicklung,zutreffend,darstellt,ferner,gesetzlichen,vertreter,verantwortlich,vorkehrungen,maßnahmen,systeme,notwendig,erachtet,aufstellung,konzernlageberichts,übereinstimmung,anzuwendenden,deutschen,gesetzlichen,vorschriften,ermög,lichen,ausreichende,geeignete,nachweise,aussagen,konzernlagebericht,erbringen,aufsichtsrat,verantwortlich,überwachung,rechnungslegungsprozesses,konzerns,aufstellung,konzernabschlusses,konzernlageberichts,verantwortung,abschlussprüfers,prüfung,konzernabschlusses,konzernlageberichts,zielsetzung,hinreichende,sicherheit,darüber,erlangen,konzernabschluss,ganzes,frei,wesentlichen,œ,be,absichtigten,unbeabsichtigten,œ,falschen,darstellungen,konzernlagebericht,insgesamt,zutre˛endes,bild,lage,konzerns,vermittelt,sowie,wesentlichen,belangen,konzernabschluss,sowie,prüfung,gewonnenen,erkenntnissen,einklang,steht,deutschen,gesetzlichen,vorschriften,entspricht,chancen,risiken,zukünftigen,entwicklung,zutre˛end,darstellt,sowie,bestätigungsvermerk,erteilen,prüfungsurteile,konzernabschluss,konzernlagebericht,beinhaltet,hinreichende,sicherheit,hohes,maß,sicherheit,garantie,dafür,übereinstimmung,§˜317,hgb,euaprvo,beachtung,institut,wirtschafts,prüfer,idw,festgestellten,deutschen,grundsätze,ordnungsmäßiger,abschlussprüfung,sowie,ergänzender,beachtung,isa,durchgeführte,prüfung,wesentliche,falsche,darstellung,stets,aufdeckt,falsche,darstellungen,verstößen,unrichtigkeiten,resultieren,wesentlich,angesehen,vernünftigerweise,erwartet,einzeln,insgesamt,grundlage,konzernabschlusses,konzernlageberichts,getro˛enen,wirtschaftlichen,entschei,dungen,adressaten,beein˚ussen,prüfung,üben,p˚ichtgemäßes,ermessen,bewahren,kritische,grundhaltung,darüber,hinaus,ł,identi˝zieren,beurteilen,risiken,wesentlicher,œ,be,absichtigter,unbeabsichtigter,œ,falscher,darstellungen,konzernabschluss,konzernlagebericht,planen,führen,prüfungshandlungen,reaktion,risiken,sowie,erlangen,prüfungsnachweise,ausreichend,geeignet,grundlage,prüfungsurteile,dienen,risiko,wesentliche,falsche,darstellungen,aufgedeckt,verstößen,höher,unrichtig,keiten,verstöße,betrügerisches,zusammenwirken,fälschun,gen,beabsichtigte,unvollständigkeiten,irreführende,darstellungen,bzw,außerkraftsetzen,interner,kontrollen,beinhalten,ł,gewinnen,verständnis,prüfung,konzern,abschlusses,relevanten,internen,kontrollsystem,prüfung,konzernlageberichts,relevanten,vorkehrungen,maßnahmen,prüfungshandlungen,planen,gegebenen,umständen,angemessen,jedoch,ziel,prüfungsurteil,wirksamkeit,systeme,abzugeben,ł,beurteilen,angemessenheit,gesetzlichen,vertretern,angewandten,rechnungslegungsmethoden,sowie,vertretbarkeit,gesetzlichen,vertretern,dargestellten,geschätzten,werte,zusammenhängenden,angaben,ł,ziehen,schlussfolgerungen,angemessenheit,gesetzlichen,vertretern,angewandten,rechnungslegungs,grundsatzes,fortführung,unternehmenstätigkeit,sowie,grundlage,erlangten,prüfungsnachweise,wesentliche,unsicherheit,zusammenhang,ereignissen,gegebenheiten,besteht,bedeutsame,zweifel,fähigkeit,konzerns,fortführung,unternehmenstätig,keit,aufwerfen,fall,schluss,kommen,wesentliche,unsicherheit,besteht,verp˚ichtet,bestätigungsvermerk,dazugehörigen,angaben,konzern,abschluss,konzernlagebericht,aufmerksam,fall,angaben,unangemessen,jeweiliges,prüfungsurteil,modifizieren,ziehen,schluss,folgerungen,grundlage,datum,bestätigungsvermerks,erlangten,prüfungsnachweise,konzernabschluss,bestätigungsvermerk,unabhängigen,abschlussprüfers,217,zukünftige,ereignisse,gegebenheiten,jedoch,führen,konzern,unternehmenstätigkeit,mehr,fortführen,ł,beurteilen,gesamtdarstellung,aufbau,inhalt,konzernabschlusses,einschließlich,angaben,sowie,konzernabschluss,zugrunde,liegenden,geschäftsvorfälle,ereignisse,darstellt,konzernabschluss,beachtung,ifrs,eu,anzuwenden,ergänzend,§˜315e,ab,1,hgb,anzuwendenden,deutschen,gesetzlichen,vorschriften,tatsächlichen,verhältnissen,entsprechendes,bild,vermögens,finanz,ertragslage,konzerns,vermittelt,ł,holen,ausreichende,geeignete,prüfungsnachweise,rechnungslegungsinformationen,unternehmen,geschäftstätigkeiten,innerhalb,konzerns,prüfungs,urteile,konzernabschluss,konzernlagebericht,abzugeben,verantwortlich,anleitung,wachung,durchführung,konzernabschlussprüfung,tragen,alleinige,verantwortung,prüfungsurteile,ł,beurteilen,einklang,konzernlageberichts,konzernabschluss,gesetzesentsprechung,vermittelte,bild,lage,konzerns,ł,führen,prüfungshandlungen,gesetzlichen,vertretern,dargestellten,zukunftsorientierten,angaben,konzernlagebericht,basis,ausreichender,geeigneter,prüfungsnachweise,vollziehen,dabei,insbesondere,zukunftsorientierten,angaben,gesetzlichen,vertretern,zugrunde,gelegten,bedeutsamen,annahmen,beurteilen,sachgerechte,ableitung,zukunftsorientierten,angaben,annahmen,eigenständiges,prüfungsurteil,zukunftsorientierten,angaben,sowie,zugrunde,liegenden,annahmen,geben,ab,besteht,erhebliches,unvermeidbares,risiko,künftige,ereignisse,wesentlich,zukunftsorientierten,angaben,abweichen,erörtern,überwachung,verantwortlichen,geplanten,umfang,zeitplanung,prüfung,sowie,bedeutsame,prüfungsfeststellungen,einschließlich,etwaiger,mängel,internen,kontrollsystem,unserer,prüfung,feststellen,geben,gegenüber,überwachung,verantwortlichen,erklärung,ab,relevanten,unabhängigkeitsanfor,derungen,eingehalten,erörtern,beziehun,gen,sonstigen,sachverhalte,denen,vernünftigerweise,angenommen,unabhängig,keit,auswirken,hierzu,getro˛enen,schutzmaßnahmen,bestimmen,sachverhalten,überwachung,verantwortlichen,erörtert,diejenigen,sach,verhalte,prüfung,konzernabschlusses,aktuellen,berichtszeitraum,bedeutsamsten,daher,besonders,wichtigen,prüfungssachverhalte,beschreiben,sachverhalte,bestätigungsvermerk,sei,gesetze,rechtsvorschriften,schließen,ö˛entliche,angabe,sachverhalts,218,sonstige,gesetzliche,rechtliche,anforderungen,übrige,angaben,gemäß,artikel,10,euaprvo,wurden,hauptversammlung,3,mai,2019,konzernabschlussprüfer,gewählt,wurden,6,mai,2019,aufsichtsrat,beauftragt,ununterbrochen,seit,geschäftsjahr,2001,konzernabschlussprüfer,rwe,aktien,gesellschaft,essen,tätig,erklären,bestätigungsvermerk,enthalte,nen,prüfungsurteile,zusätzlichen,bericht,prüfungs,ausschuss,artikel,11,euaprvo,prüfungsbericht,einklang,stehen,verantwortlicher,wirtschaftsprüfer,prüfung,verantwortliche,wirtschaftsprüfer,ralph,welter,essen,28,februar,2020,pricewaterhousecoopers,gmbh,wirtschaftsprüfungsgesellschaft,michael,reuther,ralph,welter,wirtschaftsprüfer,wirtschaftsprüfer,konzernabschluss,bestätigungsvermerk,unabhängigen,abschlussprüfers,219,310,informationen,abschlussprüfer,konzernabschluss,rwe,ag,tochtergesellschaften,geschäftsjahr,2019,œ,bestehend,konzernbilanz,konzerngewinn,verlustrechnung,sowie,konzern,gesamt,ergebnis,rechnung,konzerneigenkapitalveränderungsrechnung,konzern,kapital,flu,rechnung,konzernanhang,œ,wurde,pricewaterhouse,cooper,gmbh,wirtschaftsprüfungsgesell,schaft,geprüft,verantwortlicher,wirtschaftsprüfer,pricewaterhouse,cooper,gmbh,wirtschaftsprüfungsgesellschaft,rwe,herr,ralph,welter,herr,welter,funktion,bisher,sechs,abschlussprüfungen,wahrgenommen,220,fünfjahresübersicht,1,vergleichbarkeit,zahlen,unterschiedlicher,geschäftsjahre,teil,anpassungen,berichtsweise,beeinträchtigt,2,umgerechnet,vollzeitstellen,3,türkei,europäischen,emissionshandel,teilnimmt,benötigen,dortigen,co,2ausstoß,emissionsrechte,eckdaten,rwekonzerns,120192018201720162015außenumsatz,erdgasstromsteuer,mio,•,1312513406138224359045848ergebnis,bereinigtes,ebitda,mio,•,24891538214954037017bereinigtes,ebit,mio,•,1267619117030823837ergebnis,steuern,mio,•,œ˜752492056œ˜5807œ˜637nettoergebnisergebnisanteile,aktionäre,rwe,ag,mio,•,84983351900œ˜5710œ˜170ergebnis,je,aktie,•,1382054309œ˜929œ˜028cash,flow,cash,flow,laufender,geschäftstätigkeit,mio,•,œ˜9774611œ˜377123523339free,cash,flow,mio,•,œ˜20533439œ˜4439809441vermögenskapitalstruktur
